Mut	B.1	B.1.1	B.1.2	B.1.177	B.1.429	B.1.351	B.1.1.7	B.1.526	P.1	AY.26	AY.5	AY.4	AY.122	AY.98	AY.44	AY.47	AY.25	AY.3	AY.43	AY.39	AY.103	AY.100	BA.1	BA.1.17	BA.1.18	BA.1.20	BA.1.15	BA.1.1.18	BA.1.17.2	BA.1.1	BA.1.15.1	BA.1.1.1	BA.2.10	BA.2.3	BA.2.9	BA.2	BA.2.12.1	BA.4	BA.4.1	BA.5	BA.5.1	BA.5.5	BE.1	BA.5.6	BA.5.2.1	BA.5.2	BA.4.6
338L	0.00485436893203883	0.003690036900369	0.0181818181818182	0.0102739726027397	0	0	0.00216356555603635	0.0087719298245614	0	0	0	0.00106157112526539	0	0.00408163265306122	0.00107642626480086	0	0.00410958904109589	0.00286944045911047	0.0036231884057971	0	0	0	0	0.0208333333333333	0	0	0	0	0	0	0	0	0	0	0	0.00133779264214047	0.0020703933747412	0	0	0	0	0	0	0	0	0	0
340D	0.00161812297734628	0	0	0	0	0	0.000865426222414539	0	0	0	0	0.00185774946921444	0.00442477876106195	0	0.00322927879440258	0	0	0.00143472022955524	0.00181159420289855	0.004	0.000831255195344971	0.00301204819277108	0.0113851992409867	0	0	0	0.0127659574468085	0.03125	0.0232558139534884	0.0172185430463576	0.0273972602739726	0	0	0	0.0181818181818182	0.0120401337792642	0.0062111801242236	0	0	0	0	0	0	0	0.00210084033613445	0.001953125	0
340K	0	0	0	0	0	0	0.00043271311120727	0	0	0	0.0045662100456621	0.00212314225053079	0.00221238938053097	0	0.00107642626480086	0	0.00273972602739726	0.00143472022955524	0	0.004	0.00332502078137988	0.00301204819277108	0.015180265654649	0	0	0.0212765957446809	0.0170212765957447	0	0.00996677740863787	0.0119205298013245	0.0136986301369863	0.0425531914893617	0	0.0230769230769231	0.0227272727272727	0.0234113712374582	0	0	0	0	0.00663716814159292	0	0.0075187969924812	0	0.00630252100840336	0.001953125	0
346G	0	0	0	0	0.015748031496063	0	0.00173085244482908	0	0	0.0114285714285714	0.0045662100456621	0.00238853503184713	0.00884955752212389	0	0.00107642626480086	0	0.00136986301369863	0.00430416068866571	0	0.004	0.00332502078137988	0.00301204819277108	0	0	0	0	0	0	0	0	0	0	0	0	0	0	0	0	0	0	0.00221238938053097	0	0	0	0	0.00390625	0
346I	0	0.003690036900369	0.00363636363636364	0.00342465753424658	0	0	0.00259627866724362	0.0175438596491228	0	0.00571428571428571	0.0091324200913242	0.00318471337579618	0.00221238938053097	0.00408163265306122	0.00430570505920344	0.00606060606060606	0.00547945205479452	0.00286944045911047	0.00181159420289855	0.012	0.00249376558603491	0	0.00569259962049336	0	0	0	0	0	0.0166112956810631	0	0	0	0	0	0	0.00535117056856187	0.0082815734989648	0.043956043956044	0.036231884057971	0.0327868852459016	0.0243362831858407	0.0144927536231884	0.037593984962406	0.0272727272727273	0.0168067226890756	0.033203125	0.0217391304347826
346K	0.00647249190938511	0.00738007380073801	0.00727272727272727	0.00342465753424658	0	0	0.00735612289052358	0	0	0	0	0.00238853503184713	0	0.00816326530612245	0	0	0.00547945205479452	0	0.00181159420289855	0.004	0.00166251039068994	0	0.0550284629981025	0.0833333333333333	0.0425531914893617	0.106382978723404	0.0723404255319149	NA	0.026578073089701	NA	0.0410958904109589	NA	0.0444444444444444	0.00769230769230769	0.0318181818181818	0.0153846153846154	0.0041407867494824	0	0.0072463768115942	0.0163934426229508	0.00884955752212389	0.0144927536231884	0.0225563909774436	0.00909090909090909	0	0.0078125	0
346S	0	0	0	0	0	0	0.00173085244482908	0	0	0.00571428571428571	0	0.00185774946921444	0	0	0	0	0.00410958904109589	0.00143472022955524	0	0.004	0.00166251039068994	0.00903614457831325	0.00189753320683112	0.0208333333333333	0	0	0	0	0.00664451827242525	0	0.0136986301369863	0	0.0222222222222222	0	0	0.0040133779264214	0.0041407867494824	0.043956043956044	0.0144927536231884	0.0163934426229508	0.0132743362831858	0.0507246376811594	0.0300751879699248	0.0272727272727273	0.0105042016806723	0.02734375	0
346T	0.00323624595469256	0	0	0.00342465753424658	0.0078740157480315	0	0.00043271311120727	0	0	0	0	0	0	0	0.00107642626480086	0	0.00136986301369863	0	0	0	0	0	0.0284629981024668	0.0208333333333333	0.0638297872340425	0	0.00851063829787234	0	0.0132890365448505	0	0.0547945205479452	0.0212765957446809	0.0222222222222222	0.0153846153846154	0.0318181818181818	0.0334448160535117	0.0476190476190476	0.021978021978022	0.036231884057971	0.0819672131147541	0.086283185840708	0.0289855072463768	0.0902255639097744	0.0454545454545455	0.0294117647058824	0.0859375	NA
348S	0.0226537216828479	0.011070110701107	0.00727272727272727	0.0102739726027397	0	0	0.00951968844655993	0	0.0142857142857143	0.0114285714285714	0.0091324200913242	0.0100849256900212	0.00663716814159292	0.00408163265306122	0.00861141011840689	0	0.00547945205479452	0.00286944045911047	0.00543478260869565	0.008	0.00914380714879468	0.00301204819277108	0.00569259962049336	0	0	0	0	0	0.0166112956810631	0.00132450331125828	0	0	0	0	0.0136363636363636	0.011371237458194	0.0144927536231884	0	0.0072463768115942	0	0.00442477876106195	0.0072463768115942	0.0225563909774436	0.0181818181818182	0.00630252100840336	0.001953125	0.0072463768115942
352S	0.00485436893203883	0	0.00363636363636364	0	0.0078740157480315	0.04	0.00346170488965816	0.0087719298245614	0.0142857142857143	0	0	0.00265392781316348	0.00663716814159292	0	0.00215285252960172	0	0.00410958904109589	0.00430416068866571	0.0036231884057971	0.008	0.00249376558603491	0	0	0	0	0	0	0	0	0	0	0	0	0	0	0.00267558528428094	0.0062111801242236	0	0	0	0	0.0144927536231884	0	0	0.00210084033613445	0.00390625	0.0144927536231884
352V	0.00161812297734628	0.011070110701107	0.00363636363636364	0.00342465753424658	0	0	0.00302899177845089	0	0.0142857142857143	0	0.0182648401826484	0.00690021231422505	0.00442477876106195	0.0122448979591837	0.00430570505920344	0.00606060606060606	0.00684931506849315	0.00860832137733142	0.0126811594202899	0.004	0.00748129675810474	0.00903614457831325	0.00189753320683112	0	0.0212765957446809	0	0	0	0	0.000662251655629139	0	0	0	0	0	0.000668896321070234	0.0020703933747412	0	0	0	0	0	0	0	0.00210084033613445	0.00390625	0
354D	0.00970873786407767	0.003690036900369	0.00727272727272727	0.00684931506849315	0	0.04	0.00389441800086543	0	0.0142857142857143	0.00571428571428571	0.0045662100456621	0.00159235668789809	0.00663716814159292	0	0	0	0.00136986301369863	0	0	0	0.00332502078137988	0.00301204819277108	0.00569259962049336	0	0	0	0	0	0.00996677740863787	0.00860927152317881	0	0	0	0	0	0.0040133779264214	0.0020703933747412	0	0.0072463768115942	0	0.00221238938053097	0	0	0	0.00420168067226891	0.00390625	0
354K	0.00485436893203883	0	0.0181818181818182	0.00684931506849315	0.0078740157480315	0	0.00519255733448724	0	0.0142857142857143	0	0.0045662100456621	0.00530785562632696	0.00442477876106195	0.00408163265306122	0.00430570505920344	0.00606060606060606	0.00410958904109589	0.00430416068866571	0.0126811594202899	0.004	0.00249376558603491	0.00301204819277108	0.00569259962049336	0.0208333333333333	0	0	0.0127659574468085	0.0104166666666667	0.0199335548172757	0.0125827814569536	0	0	0.0222222222222222	0	0.0181818181818182	0.0127090301003344	0.0041407867494824	0	0	0.0163934426229508	0.00663716814159292	0	0	0.00909090909090909	0	0	0
356T	0	0.003690036900369	0	0	0	0	0.000865426222414539	0	0	0	0	0.000265392781316348	0	0	0	0	0.00136986301369863	0	0	0	0.000831255195344971	0	0.00189753320683112	0	0	0	0	0.0104166666666667	0.0166112956810631	0.0125827814569536	0.0273972602739726	0	0.0222222222222222	0.0230769230769231	0.0181818181818182	0.0133779264214047	0.0041407867494824	0	0.0072463768115942	0	0.0154867256637168	0	0	0	0.00420168067226891	0.0078125	0
357I	0	0	0	0	0	0	0	0	0	0.00571428571428571	0	0.000265392781316348	0	0	0	0	0.00136986301369863	0.00143472022955524	0	0	0.00166251039068994	0	0	0.0208333333333333	0	0.0212765957446809	0.00425531914893617	0	0	0.000662251655629139	0	0	0	0	0	0.000668896321070234	0	0	0	0	0	0	0	0	0	0.00390625	0.0072463768115942
357K	0.00323624595469256	0	0.00727272727272727	0.00342465753424658	0	0	0.00173085244482908	0	0	0	0	0.000530785562632696	0.00221238938053097	0	0	0	0	0.00286944045911047	0	0	0.000831255195344971	0	0.00759013282732448	0	0.0212765957446809	0	0	0.0104166666666667	0.00664451827242525	0.00662251655629139	0	0	0.0222222222222222	0	0.0227272727272727	0.0100334448160535	0.0020703933747412	0	0	0	0.00884955752212389	0	0	0	0.0105042016806723	0.001953125	0
359G	0	0	0	0	0.0078740157480315	0	0.00129813933362181	0.0087719298245614	0	0.00571428571428571	0	0.00132696390658174	0	0	0.00107642626480086	0	0.00547945205479452	0.00286944045911047	0	0	0.00249376558603491	0	0	0	0	0	0	0	0	0	0	0	0.0222222222222222	0	0	0	0	0	0	0	0	0	0	0	0	0	0
368I	0	0	0	0	0	0	0.00043271311120727	0	0	0	0	0.000796178343949045	0	0	0	0	0.00136986301369863	0	0	0	0	0	0.00759013282732448	0.0625	0.0425531914893617	0.0638297872340425	0.0127659574468085	0	0.0132890365448505	0.00993377483443709	0	0	0.0222222222222222	0.00769230769230769	0	0.00334448160535117	0	0	0	0	0	0	0	0	0	0	0
368P	0	0	0	0	0	0	0	0	0	0	0	0	0	0	0	0	0	0	0	0	0	0	0.00189753320683112	0.0208333333333333	0	0	0	0	0.00332225913621262	0	0	0	0	0	0	0	0	0	0	0	0	0	0	0	0	0	0
371I	0	0	0	0	0	0	0	0	0	0	0	0	0	0	0	0	0	0	0	0	0	0	0.00569259962049336	0	0.0212765957446809	0.0212765957446809	0.00851063829787234	0	0.0132890365448505	0.0033112582781457	0	0	0	0	0	0	0	0	0	0	0	0	0	0	0	0	0
372V	0.00323624595469256	0.003690036900369	0.00363636363636364	0.0102739726027397	0.0078740157480315	0	0.0056252704456945	0.0087719298245614	0.0285714285714286	0	0	0.00504246284501062	0.00221238938053097	0.0204081632653061	0.00538213132400431	0	0.00273972602739726	0.00717360114777618	0.0072463768115942	0.008	0.00415627597672485	0.00602409638554217	0	0	0	0	0	0	0.00332225913621262	0	0	0	0	0	0	0.000668896321070234	0	0	0	0	0	0	0	0	0	0	0
373L	0.00809061488673139	0	0.00363636363636364	0.0102739726027397	0.0078740157480315	0.04	0.00605798355690177	0.0263157894736842	0.0142857142857143	0	0	0.0071656050955414	0.00442477876106195	0.0163265306122449	0.00538213132400431	0.0121212121212121	0.00273972602739726	0.00717360114777618	0.0108695652173913	0.008	0.00166251039068994	0.00903614457831325	0	0	0	0	0	0	0	0	0	0	0	0	0	0	0	0	0	0	0	0	0	0	0	0	0
373P	0.00161812297734628	0	0	0.00684931506849315	0	0	0.00389441800086543	0	0.0142857142857143	0	0.0091324200913242	0.00318471337579618	0.0154867256637168	0	0.00322927879440258	0	0.00410958904109589	0.00860832137733142	0.0036231884057971	0.004	0.00166251039068994	0.00301204819277108	NA	NA	NA	NA	NA	NA	NA	NA	NA	NA	NA	NA	NA	NA	NA	NA	NA	NA	NA	NA	NA	NA	NA	NA	NA
376A	0	0	0	0	0	0	0	0	0	0	0.0045662100456621	0.000265392781316348	0.00221238938053097	0	0.00215285252960172	0	0	0	0	0	0.000831255195344971	0	0.0208728652751423	0.0416666666666667	0.0212765957446809	0.0212765957446809	0.0127659574468085	0.0104166666666667	0.00996677740863787	0.0119205298013245	0	0.0212765957446809	NA	NA	NA	NA	NA	NA	NA	NA	NA	NA	NA	NA	NA	NA	NA
376I	0.0113268608414239	0.003690036900369	0.0181818181818182	0.0205479452054795	0.0078740157480315	0	0.00389441800086543	0	0	0.0228571428571429	0.0136986301369863	0.00928874734607219	0.0132743362831858	0.00816326530612245	0.00538213132400431	0.0242424242424242	0.00547945205479452	0.0114777618364419	0.0108695652173913	0.004	0.0116375727348296	0.0150602409638554	0	0	0	0	0	0	0	0	0	0	0	0	0	0	0	0	0	0	0	0	0	0	0	0	0
376S	0	0	0	0	0	0	0.00043271311120727	0	0	0	0.0045662100456621	0.000796178343949045	0	0	0.00322927879440258	0	0	0.00143472022955524	0	0	0.00166251039068994	0	0	0	0	0	0	0	0.00332225913621262	0.000662251655629139	0	0	0.0444444444444444	0	0.0227272727272727	0.0020066889632107	0.0020703933747412	0	0	0	0	0	0	0	0	0	0
382L	0.00647249190938511	0.011070110701107	0.0109090909090909	0	0.0078740157480315	0.04	0.00475984422327997	0.0087719298245614	0.0142857142857143	0.00571428571428571	0.0136986301369863	0.00955414012738853	0.00884955752212389	0.00816326530612245	0.00430570505920344	0	0.0136986301369863	0.00573888091822095	0.0108695652173913	0.012	0.00831255195344971	0.00301204819277108	0.00569259962049336	0.0208333333333333	0	0	0.00425531914893617	0.0104166666666667	0.0166112956810631	0.00397350993377483	0.0136986301369863	0	0	0	0.00454545454545455	0.0020066889632107	0	0	0.0072463768115942	0	0.00221238938053097	0	0.0150375939849624	0	0	0	0.0072463768115942
384L	0.0323624595469256	0.033210332103321	0.0254545454545455	0.0376712328767123	0.031496062992126	0.04	0.0281263522284725	0.043859649122807	0.0285714285714286	0.0171428571428571	0.0045662100456621	0.0132696390658174	0.00442477876106195	0.0204081632653061	0.00645855758880517	0.0121212121212121	0.0178082191780822	0.00717360114777618	0.0126811594202899	0.004	0.0108063175394846	0.0210843373493976	0.00189753320683112	0	0.0212765957446809	0	0.0212765957446809	0.0104166666666667	0.00332225913621262	0.0033112582781457	0.0136986301369863	0	0	0	0	0	0	0	0	0	0	0	0	0	0	0	0
384S	0.0161812297734628	0.011070110701107	0.0109090909090909	0.0205479452054795	0.0078740157480315	0.04	0.0142795326698399	0.0263157894736842	0	0.00571428571428571	0.0091324200913242	0.00902335456475584	0.00221238938053097	0	0.00861141011840689	0	0.00410958904109589	0.00717360114777618	0.0108695652173913	0.012	0.00665004156275977	0.00602409638554217	0.0170777988614801	0.0208333333333333	0	0	0.0170212765957447	0.0104166666666667	0.0199335548172757	0.0145695364238411	0.0136986301369863	0	0	0.00769230769230769	0.00454545454545455	0.00869565217391304	0.0082815734989648	0.010989010989011	0.0144927536231884	0	0.0110619469026549	0.0072463768115942	0.0075187969924812	0	0.00420168067226891	0.017578125	0.0217391304347826
394S	0	0.003690036900369	0	0	0	0	0.00043271311120727	0.0087719298245614	0	0	0.0045662100456621	0.000265392781316348	0.00221238938053097	0	0.00215285252960172	0	0	0	0	0	0	0.00602409638554217	0.00569259962049336	0.0208333333333333	0	0.0638297872340425	0	0	0	0.00198675496688742	0.0273972602739726	0	0	0	0	0.00133779264214047	0	0	0	0	0	0	0	0	0	0	0
394T	0	0	0	0	0	0.04	0	0	0	0	0	0.000265392781316348	0	0	0	0	0	0	0	0	0	0	0	0	0	0	0	0	0.00664451827242525	0.000662251655629139	0	0	0	0	0	0.000668896321070234	0	0	0	0	0	0	0	0	0	0	0
395I	0	0	0	0	0	0	0.00043271311120727	0	0	0	0	0.000265392781316348	0	0	0	0	0	0	0	0	0	0	0	0	0	0.0212765957446809	0	0	0.00332225913621262	0.000662251655629139	0	0	0	0	0	0	0	0	0	0	0.00221238938053097	0	0	0	0	0	0
401L	0.00323624595469256	0.003690036900369	0	0.00684931506849315	0	0	0.00259627866724362	0.0087719298245614	0.0142857142857143	0.00571428571428571	0.0091324200913242	0.0148619957537155	0.00663716814159292	0.00408163265306122	0.00753498385360603	0.00606060606060606	0.00410958904109589	0.00430416068866571	0.00543478260869565	0.016	0.0058187863674148	0.00602409638554217	0	0	0	0	0	0	0	0	0	0	0	0	0	0	0	0	0	0	0	0	0	0	0	0	0
405Y	0	0.003690036900369	0.00363636363636364	0.00342465753424658	0	0	0.0056252704456945	0.0175438596491228	0	0	0.0045662100456621	0.00583864118895966	0.00221238938053097	0.0122448979591837	0.00215285252960172	0.00606060606060606	0.00273972602739726	0.0100430416068867	0	0.004	0.000831255195344971	0.00903614457831325	0	0	0	0	0.00425531914893617	0	0	0	0	0	0	0	0	0	0	0	0	0	0	0	0	0	0	0	0
406Q	0.00161812297734628	0.014760147601476	0	0.00684931506849315	0.0078740157480315	0	0.00216356555603635	0	0	0	0	0.00212314225053079	0	0	0.00107642626480086	0.00606060606060606	0	0.00286944045911047	0	0	0.00249376558603491	0	0	0	0	0	0	0	0	0	0	0	0	0	0	0.000668896321070234	0.0020703933747412	0.010989010989011	0	0.0327868852459016	0.00442477876106195	0.0072463768115942	0.0075187969924812	0	0.00210084033613445	0.001953125	0.0072463768115942
408I	0.0113268608414239	0.011070110701107	0.0145454545454545	0.0136986301369863	0.0078740157480315	0	0.0103851146689745	0.0175438596491228	0.0142857142857143	0.00571428571428571	0.0228310502283105	0.00928874734607219	0.00442477876106195	0.0122448979591837	0.00861141011840689	0.00606060606060606	0.00547945205479452	0.00143472022955524	0.00181159420289855	0.008	0.00415627597672485	0.00602409638554217	0	0	0	0	0	0	0	0.000662251655629139	0.0136986301369863	0	0	0	0	0	0	0	0	0	0	0	0	0	0	0	0
411S	0.00485436893203883	0.011070110701107	0	0.00684931506849315	0.0078740157480315	0	0.00389441800086543	0	0	0.0171428571428571	0.0228310502283105	0.00663481953290871	0.0176991150442478	0.00408163265306122	0.00430570505920344	0.00606060606060606	0.0123287671232877	0.0143472022955524	0.0036231884057971	0.016	0.00665004156275977	0.00903614457831325	0	0	0	0	0	0	0	0.000662251655629139	0	0	0	0	0	0.000668896321070234	0.0020703933747412	0.010989010989011	0	0	0	0.0072463768115942	0	0	0.00210084033613445	0	0
412L	0	0.003690036900369	0	0	0	0	0.00129813933362181	0.0175438596491228	0.0142857142857143	0	0	0.000265392781316348	0	0	0	0	0.00136986301369863	0	0	0	0.000831255195344971	0	0	0	0	0	0	0	0	0	0	0	0	0	0	0	0	0	0	0	0	0	0	0	0	0	0
414R	0.00161812297734628	0.003690036900369	0	0	0.0078740157480315	0	0	0.0175438596491228	0	0.00571428571428571	0	0.00159235668789809	0.00221238938053097	0	0.00322927879440258	0	0.00958904109589041	0.00430416068866571	0	0.004	0.000831255195344971	0	0	0	0	0	0	0	0	0	0	0	0	0	0	0	0	0	0	0	0	0	0	0	0	0	0
415S	0	0	0	0	0	0.04	0.00043271311120727	0	0	0	0.0045662100456621	0.000265392781316348	0	0	0	0	0	0	0	0.004	0.000831255195344971	0	0	0	0	0	0	0	0	0	0	0	0	0	0	0	0	0	0	0	0	0	0	0	0	0	0
417N	0.00809061488673139	0.011070110701107	0.00363636363636364	0	0.0078740157480315	NA	0.00865426222414539	0.0087719298245614	0	0.0171428571428571	0.0136986301369863	0.00159235668789809	0.00884955752212389	0.00408163265306122	0.00861141011840689	0.00606060606060606	0.010958904109589	0.00717360114777618	0.0144927536231884	0	0.0124688279301746	0.00301204819277108	NA	NA	NA	NA	NA	NA	NA	NA	NA	NA	NA	NA	NA	NA	NA	NA	NA	NA	NA	NA	NA	NA	NA	NA	NA
417T	0	0.003690036900369	0	0	0	0	0.00129813933362181	0	NA	0	0	0.000530785562632696	0	0.00408163265306122	0.00107642626480086	0	0	0	0	0	0.00166251039068994	0	0.0170777988614801	0	0.0212765957446809	0	0.00851063829787234	0.03125	0.0365448504983389	0.0112582781456954	0.0136986301369863	0.0425531914893617	0	0.0153846153846154	0.00909090909090909	0.0100334448160535	0	0	0	0	0	0	0	0	0	0.001953125	0
419S	0.00485436893203883	0.003690036900369	0	0.0102739726027397	0.0078740157480315	0	0.00129813933362181	0.0087719298245614	0	0	0.0091324200913242	0.0071656050955414	0.0132743362831858	0.0285714285714286	0.00968783638320775	0.0181818181818182	0.00410958904109589	0.00430416068866571	0.0126811594202899	0.008	0.00831255195344971	0	0	0	0	0	0	0	0	0	0	0	0	0	0	0	0	0	0	0	0	0	0	0	0	0	0
420N	0.00161812297734628	0	0	0	0	0	0	0	0	0	0	0.000530785562632696	0.00221238938053097	0	0.00215285252960172	0	0.00136986301369863	0	0	0.004	0.00166251039068994	0	0	0	0	0.0212765957446809	0	0	0.00664451827242525	0.000662251655629139	0	0	0	0	0	0.00133779264214047	0	0	0.0072463768115942	0	0.00884955752212389	0	0	0.0363636363636364	0.0147058823529412	0.0234375	0.0289855072463768
427N	0	0	0	0.00342465753424658	0	0	0.000865426222414539	0	0.0285714285714286	0	0.0045662100456621	0	0.00221238938053097	0.00408163265306122	0.00107642626480086	0	0	0.00143472022955524	0	0	0	0.00301204819277108	0	0	0	0	0.00425531914893617	0	0.00664451827242525	0	0	0	0	0	0.00454545454545455	0.00133779264214047	0	0	0	0	0.00221238938053097	0.0072463768115942	0.0075187969924812	0	0	0	0
427Y	0.00323624595469256	0.011070110701107	0	0.0136986301369863	0.0078740157480315	0.04	0.00649069666810904	0	0.0285714285714286	0	0.0045662100456621	0.00477707006369427	0.00663716814159292	0.0122448979591837	0.00430570505920344	0.00606060606060606	0.00547945205479452	0.00430416068866571	0.0036231884057971	0.008	0.00748129675810474	0	0	0	0	0	0	0	0	0.00132450331125828	0	0	0	0	0	0.000668896321070234	0.0041407867494824	0	0	0	0.00221238938053097	0.0072463768115942	0.0075187969924812	0	0.00210084033613445	0	0
430I	0.00647249190938511	0	0	0.00342465753424658	0.015748031496063	0	0.00302899177845089	0	0	0	0	0.00371549893842887	0.00442477876106195	0	0.00215285252960172	0.00606060606060606	0.00547945205479452	0	0.00181159420289855	0	0.0058187863674148	0.00602409638554217	0.0303605313092979	0.0416666666666667	0.0425531914893617	0.0638297872340425	0.0212765957446809	0.03125	0.0166112956810631	0.0245033112582781	0.0684931506849315	0.0425531914893617	0.0222222222222222	0.00769230769230769	0.0136363636363636	0.0160535117056856	0.0269151138716356	0.0549450549450549	0.0289855072463768	0.0491803278688525	0.0199115044247788	0.0289855072463768	0.0300751879699248	0.0545454545454545	0.0273109243697479	0.013671875	0.0289855072463768
433I	0	0	0	0.00342465753424658	0	0	0.00129813933362181	0	0	0	0.0045662100456621	0.00398089171974522	0.00884955752212389	0	0.00430570505920344	0.0121212121212121	0.00273972602739726	0.00143472022955524	0.00181159420289855	0.008	0.00498753117206983	0.00602409638554217	0	0	0	0	0	0.0104166666666667	0	0	0	0	0	0.00769230769230769	0	0	0.0020703933747412	0.021978021978022	0.0072463768115942	0	0.00221238938053097	0	0	0	0.00210084033613445	0.001953125	0
440R	0	0	0	0	0	0	0	0	0	0	0	0	0	0	0	0	0	0	0	0	0	0	0	0	0	0.0212765957446809	0	0	0	0.000662251655629139	0	0	0	0	0	0.000668896321070234	0	0.021978021978022	0	0	0.00442477876106195	0.0072463768115942	0	0.00909090909090909	0	0	0
444M	0	0	0	0	0	0	0.000865426222414539	0	0	0.00571428571428571	0	0.000530785562632696	0	0	0.00322927879440258	0	0	0.00143472022955524	0	0	0	0.00301204819277108	0	0	0	0	0	0	0	0.00132450331125828	0	0	0	0	0	0	0.0020703933747412	0.021978021978022	0.0144927536231884	0	0.00663716814159292	0	0.037593984962406	0.00909090909090909	0.0210084033613445	0.015625	0.0072463768115942
444N	0.00647249190938511	0.00738007380073801	0	0	0	0	0.0099524015577672	0	0.0142857142857143	0	0.0136986301369863	0.00902335456475584	0.00221238938053097	0.00816326530612245	0.00968783638320775	0	0.00821917808219178	0.00717360114777618	0.0108695652173913	0.008	0.00997506234413965	0.0120481927710843	0.00379506641366224	0	0	0	0	0.0208333333333333	0	0.00662251655629139	0	0	0	0.0153846153846154	0.0136363636363636	0.0147157190635452	0.0869565217391304	0.131868131868132	0.0942028985507246	0.0655737704918033	0.0752212389380531	0.0869565217391304	0.075187969924812	0.0818181818181818	0.092436974789916	0.080078125	0.0434782608695652
444R	0.00809061488673139	0.00738007380073801	0	0.00342465753424658	0	0	0.00389441800086543	0	0.0142857142857143	0.0171428571428571	0.0045662100456621	0.00291932059447983	0	0	0.00215285252960172	0	0.00821917808219178	0.00573888091822095	0.00543478260869565	0.004	0.00831255195344971	0.00301204819277108	0.00379506641366224	0.0208333333333333	0	0	0.00425531914893617	0.0104166666666667	0.00332225913621262	0.00463576158940397	0.0273972602739726	0	0.0222222222222222	0.0307692307692308	0.0363636363636364	0.0220735785953177	0.031055900621118	0.043956043956044	0.0797101449275362	0.0491803278688525	0.0619469026548673	0.0434782608695652	0.0601503759398496	0.0909090909090909	0.0588235294117647	0.048828125	0.0217391304347826
445A	0	0	0	0	0	0	0.00129813933362181	0	0	0	0	0.00238853503184713	0	0	0.00215285252960172	0	0	0	0	0.004	0.00249376558603491	0.00301204819277108	0.00759013282732448	0	0.0212765957446809	0	0.00425531914893617	0	0.00664451827242525	0.00927152317880795	0.0136986301369863	0	0	0.0153846153846154	0.0136363636363636	0.00535117056856187	0.0124223602484472	0.043956043956044	0.036231884057971	0.0163934426229508	0.0442477876106195	0.0507246376811594	0.0150375939849624	0.0181818181818182	0.0294117647058824	0.04296875	0.0434782608695652
445F	0.00161812297734628	0.003690036900369	0.00363636363636364	0	0	0	0.00129813933362181	0	0	0.00571428571428571	0.0091324200913242	0.00185774946921444	0.00442477876106195	0	0	0	0	0	0.00543478260869565	0	0.00332502078137988	0.00301204819277108	0	0	0	0	0	0	0.00332225913621262	0.00397350993377483	0	0	0	0	0.00454545454545455	0.00535117056856187	0.0082815734989648	0.010989010989011	0.0144927536231884	0.0491803278688525	0.0287610619469027	0.0072463768115942	0.037593984962406	0.0363636363636364	0.0357142857142857	0.029296875	0.0144927536231884
446D	0.00161812297734628	0	0	0	0	0	0.000865426222414539	0	0	0.00571428571428571	0	0.00106157112526539	0	0	0.00107642626480086	0	0.00410958904109589	0.00143472022955524	0	0	0.00166251039068994	0.00301204819277108	0	0	0	0	0	0	0	0	0	0	0	0	0.0181818181818182	0.0107023411371237	0.0062111801242236	0.021978021978022	0.0144927536231884	0	0.0132743362831858	0.036231884057971	0.0075187969924812	0.0272727272727273	0.0126050420168067	0.029296875	0
446S	0.00809061488673139	0.003690036900369	0.0109090909090909	0.00342465753424658	0.0078740157480315	0	0.00822154911293812	0.0087719298245614	0	0.00571428571428571	0.0045662100456621	0.00477707006369427	0.00663716814159292	0.00816326530612245	0.00861141011840689	0.00606060606060606	0.00821917808219178	0.0100430416068867	0.0036231884057971	0.004	0.00166251039068994	0.0150602409638554	NA	NA	NA	NA	NA	NA	NA	NA	NA	NA	0	0.00769230769230769	0.0272727272727273	0.020066889632107	0.05175983436853	0.0549450549450549	0.0507246376811594	0.0655737704918033	0.0420353982300885	0.036231884057971	0.0225563909774436	0.0454545454545455	0.0105042016806723	0.03515625	0.0289855072463768
446V	0.0372168284789644	0.03690036900369	0.0327272727272727	0.0342465753424658	0.062992125984252	0	0.0289917784508871	0.0614035087719298	0.0428571428571429	0.142857142857143	0.0776255707762557	0.07776008492569	0.103982300884956	0.0897959183673469	0.0947255113024758	0.0727272727272727	0.0753424657534247	0.0889526542324247	0.115942028985507	0.068	0.0889443059019119	0.105421686746988	0	0	0	0	0	0	0	0	0	0	0.0222222222222222	0	0	0.00133779264214047	0.0062111801242236	0.010989010989011	0.0144927536231884	0	0.0243362831858407	0.0072463768115942	0.0075187969924812	0.00909090909090909	0.0252100840336134	0.015625	0.0144927536231884
448D	0	0	0	0	0	0	0.000865426222414539	0	0	0	0	0.000530785562632696	0	0	0.00107642626480086	0.00606060606060606	0	0	0.00181159420289855	0	0.00332502078137988	0	0.00379506641366224	0	0	0	0	0	0	0.000662251655629139	0	0	0	0	0	0	0.0041407867494824	0	0	0	0	0.0289855072463768	0.0075187969924812	0	0.00210084033613445	0	0
452M	0.00161812297734628	0.003690036900369	0.00727272727272727	0	0	0	0.00389441800086543	0.0087719298245614	0	0	0	0	0	0	0	0	0	0	0	0	0	0	0.00379506641366224	0	0.0425531914893617	0.0212765957446809	0.00425531914893617	0	0.00664451827242525	0.0105960264900662	0.0273972602739726	0	0.0222222222222222	0.0307692307692308	0.0272727272727273	0.0361204013377926	0	0	0	0	0	0	0	0	0	0	0
452Q	0.00323624595469256	0	0	0	0	0	0	0	0	0	0.0045662100456621	0.00663481953290871	0.00221238938053097	0.00816326530612245	0.00322927879440258	0.0121212121212121	0.00410958904109589	0.0143472022955524	0.0036231884057971	0	0.00332502078137988	0.00602409638554217	0	0	0	0	0	0	0	0.0033112582781457	0	0	0	0	0.00454545454545455	0.011371237458194	NA	0.010989010989011	0.0144927536231884	0	0.00663716814159292	0	0.0075187969924812	0	0.00630252100840336	0.0078125	0.0072463768115942
452R	0.0258899676375405	0.003690036900369	0.0145454545454545	0	NA	0	0.0043271311120727	0	0.0142857142857143	NA	NA	NA	NA	NA	NA	NA	NA	NA	NA	NA	NA	NA	0.0436432637571157	0.0208333333333333	0.0638297872340425	0.106382978723404	0.0978723404255319	0.0625	0.0132890365448505	0.056953642384106	0	0	0	0.00769230769230769	0.00909090909090909	0.020066889632107	0.0041407867494824	NA	NA	NA	NA	NA	NA	NA	NA	NA	NA
453F	0.00161812297734628	0.00738007380073801	0	0	0.0078740157480315	0	0	0	0.0285714285714286	0	0	0.00185774946921444	0	0.00408163265306122	0.00107642626480086	0.00606060606060606	0.00136986301369863	0.00143472022955524	0	0	0	0	0	0	0.0212765957446809	0	0	0	0	0	0	0	0	0	0	0.000668896321070234	0.0020703933747412	0	0	0	0.00221238938053097	0	0	0	0	0	0
455F	0.00485436893203883	0.00738007380073801	0.0109090909090909	0.0273972602739726	0.062992125984252	0	0.027260926006058	0.0175438596491228	0	0.00571428571428571	0.0045662100456621	0.0132696390658174	0.0176991150442478	0.036734693877551	0.0161463939720129	0.0303030303030303	0.0136986301369863	0.0186513629842181	0.0271739130434783	0	0.0216126350789692	0.0180722891566265	0.0113851992409867	0.0208333333333333	0.0212765957446809	0	0.025531914893617	0.03125	0.0166112956810631	0.0271523178807947	0	0	0	0.00769230769230769	0.0136363636363636	0.0193979933110368	0.020703933747412	0	0	0	0.00663716814159292	0	0.0075187969924812	0	0.00420168067226891	0.00390625	0
455S	0	0	0	0	0	0	0.00129813933362181	0.0087719298245614	0	0	0	0	0	0	0	0	0	0	0	0.004	0.00166251039068994	0	0.0189753320683112	0.0416666666666667	0	0.0212765957446809	0.0212765957446809	0.0416666666666667	0.0166112956810631	0.0516556291390728	0	0.0851063829787234	0	0.00769230769230769	0.00454545454545455	0.00334448160535117	0.0020703933747412	0.010989010989011	0.0072463768115942	0	0	0	0	0	0.00210084033613445	0	0
460Y	0	0	0	0	0	0	0	0	0	0	0	0	0	0	0.00107642626480086	0	0	0.00143472022955524	0	0	0.00415627597672485	0	0	0	0.0212765957446809	0	0	0	0	0	0	0	0	0	0	0	0.0020703933747412	0.021978021978022	0	0	0.00442477876106195	0	0	0	0.0126050420168067	0.00390625	0.0289855072463768
463A	0	0	0	0	0	0	0	0	0	0	0	0	0	0	0	0	0	0	0	0	0	0	0	0	0	0	0	0.0104166666666667	0	0.00728476821192053	0	0	0	0.0230769230769231	0	0.00334448160535117	0	0	0	0	0	0	0	0	0	0	0
463R	0	0	0	0	0	0	0	0	0	0	0	0	0	0	0	0	0	0	0	0	0	0	0	0	0	0	0.00425531914893617	0	0	0.00397350993377483	0	0	0	0.0384615384615385	0.00454545454545455	0.00535117056856187	0.0020703933747412	0	0	0	0	0	0	0	0	0	0
463S	0.0113268608414239	0.011070110701107	0.0145454545454545	0.0102739726027397	0	0	0.00519255733448724	0.0087719298245614	0	0.0114285714285714	0.0182648401826484	0.0153927813163482	0.00884955752212389	0.00408163265306122	0.00968783638320775	0	0.010958904109589	0.0172166427546628	0.0144927536231884	0.016	0.00914380714879468	0.0240963855421687	0.00189753320683112	0	0	0.0212765957446809	0.0170212765957447	0.0416666666666667	0.00332225913621262	0.0205298013245033	0	0.0425531914893617	0.0222222222222222	0.0846153846153846	0.00909090909090909	0.0187290969899666	0.0124223602484472	0	0	0	0.00221238938053097	0	0	0	0	0.00390625	0
463T	0	0	0	0	0	0	0	0	0	0	0.0045662100456621	0	0	0	0	0	0	0	0	0	0	0	0.00189753320683112	0	0	0.0212765957446809	0.00425531914893617	0.03125	0	0.0278145695364238	0	0	0.0666666666666667	0.0692307692307692	0.00909090909090909	0.0167224080267559	0.0227743271221532	0	0.0072463768115942	0	0	0	0	0	0	0	0
475V	0.00647249190938511	0.018450184501845	0.0181818181818182	0.0205479452054795	0.015748031496063	0	0.0181739506707053	0.0087719298245614	0.0285714285714286	0.00571428571428571	0.0045662100456621	0.00477707006369427	0.00221238938053097	0.00408163265306122	0.00322927879440258	0.00606060606060606	0.00410958904109589	0.0114777618364419	0.00543478260869565	0.004	0.00166251039068994	0.00301204819277108	0.00759013282732448	0	0	0	0	0.0104166666666667	0.00996677740863787	0.00596026490066225	0	0	0.0222222222222222	0	0.0181818181818182	0.00936454849498328	0	0	0	0.0163934426229508	0.00221238938053097	0	0	0	0.00630252100840336	0.001953125	0
476S	0.00323624595469256	0.003690036900369	0.0145454545454545	0.0171232876712329	0.0078740157480315	0	0.00692340977931631	0.0087719298245614	0.0142857142857143	0.0114285714285714	0.0136986301369863	0.0148619957537155	0.0176991150442478	0.0244897959183673	0.0150699677072121	0.0121212121212121	0.010958904109589	0.0157819225251076	0.0126811594202899	0.012	0.0157938487115544	0.0120481927710843	0	0	0	0	0	0	0	0.00198675496688742	0	0	0	0	0.00909090909090909	0.00735785953177258	0.0020703933747412	0	0.0144927536231884	0	0.00221238938053097	0.0144927536231884	0	0.0272727272727273	0.0126050420168067	0.00390625	0.0072463768115942
477I	0.0177993527508091	0.014760147601476	0.00363636363636364	0.0136986301369863	0.0236220472440945	0	0.0099524015577672	0	0.0142857142857143	0.00571428571428571	0.0273972602739726	0.0254777070063694	0.0132743362831858	0.0163265306122449	0.0269106566200215	0.0242424242424242	0.0150684931506849	0.0143472022955524	0.0235507246376812	0.016	0.0182876142975894	0.0240963855421687	0	0	0	0	0.00425531914893617	0	0	0	0	0	0	0	0	0	0	0	0	0	0	0	0	0	0	0	0
477N	0.0177993527508091	0.033210332103321	0.0145454545454545	0.0102739726027397	0.0078740157480315	0	0.00389441800086543	0.0087719298245614	0	0.00571428571428571	0.0091324200913242	0.00345010615711253	0.00442477876106195	0.00408163265306122	0.00322927879440258	0	0.00273972602739726	0.00573888091822095	0	0	0.00415627597672485	0	NA	NA	NA	NA	NA	NA	NA	NA	NA	NA	NA	NA	NA	NA	NA	NA	NA	NA	NA	NA	NA	NA	NA	NA	NA
478E	0	0	0	0	0	0	0	0	0	0	0	0	0	0	0	0	0	0	0	0	0	0	0.00379506641366224	0	0	0	0	0	0.00332225913621262	0.00397350993377483	0	0	0	0	0	0.00602006688963211	0.0227743271221532	0	0.0072463768115942	0	0.00221238938053097	0.0144927536231884	0	0	0.00840336134453781	0.009765625	0.0144927536231884
478I	0.00323624595469256	0.003690036900369	0.00363636363636364	0.0102739726027397	0.0078740157480315	0	0.00908697533535266	0	0.0428571428571429	0	0	0.00132696390658174	0	0	0.00215285252960172	0.00606060606060606	0.00273972602739726	0	0	0	0	0	0	0	0	0	0	0	0	0	0	0	0	0	0	0.00133779264214047	0.0062111801242236	0	0	0	0.00663716814159292	0	0.0075187969924812	0	0.00210084033613445	0.005859375	0.0144927536231884
478R	0.00161812297734628	0	0.00363636363636364	0	0	0.04	0	0	0	0	0.0045662100456621	0.00106157112526539	0.00442477876106195	0	0.00215285252960172	0	0.00136986301369863	0.00286944045911047	0.00543478260869565	0	0.00166251039068994	0	0	0	0	0	0	0	0.00664451827242525	0.0033112582781457	0	0.0212765957446809	0	0.0153846153846154	0.0272727272727273	0.0107023411371237	0.0144927536231884	0	0	0	0.0176991150442478	0.0289855072463768	0.0075187969924812	0	0.0210084033613445	0.013671875	0.036231884057971
479L	0.00323624595469256	0	0.00363636363636364	0.00684931506849315	0	0	0.00475984422327997	0	0	0.0342857142857143	0.0136986301369863	0.0124734607218684	0.0132743362831858	0.0163265306122449	0.0215285252960172	0.00606060606060606	0.0164383561643836	0.00860832137733142	0.0253623188405797	0.012	0.00914380714879468	0.00903614457831325	0	0	0	0.0212765957446809	0	0	0.00332225913621262	0.00132450331125828	0	0	0	0.00769230769230769	0	0.00334448160535117	0.0082815734989648	0.010989010989011	0.0144927536231884	0	0.0110619469026549	0.0072463768115942	0	0	0.0105042016806723	0.005859375	0.0144927536231884
479S	0.00809061488673139	0.014760147601476	0.00727272727272727	0.00684931506849315	0.015748031496063	0	0.0142795326698399	0.0087719298245614	0	0	0.0136986301369863	0.0188428874734607	0.0154867256637168	0.00816326530612245	0.0322927879440258	0.00606060606060606	0.0219178082191781	0.0186513629842181	0.016304347826087	0.02	0.0232751454696592	0.0120481927710843	0	0	0.0212765957446809	0	0	0	0	0.00264900662251656	0.0136986301369863	0	0	0	0.00909090909090909	0.00334448160535117	0	0.010989010989011	0	0	0	0.0072463768115942	0.0150375939849624	0	0	0	0
483F	0.0129449838187702	0.018450184501845	0.0145454545454545	0.00342465753424658	0.0236220472440945	0	0.0186066637819126	0	0.0142857142857143	0.0228571428571429	0.0273972602739726	0.0230891719745223	0.0154867256637168	0.0204081632653061	0.0161463939720129	0.0424242424242424	0.0136986301369863	0.03012912482066	0.0217391304347826	0.016	0.0174563591022444	0.0210843373493976	0.00759013282732448	0	0	0	0.00425531914893617	0	0	0.00132450331125828	0	0	0	0	0.00454545454545455	0.0040133779264214	0.0062111801242236	0	0.0144927536231884	0.0327868852459016	0.00442477876106195	0.0072463768115942	0.0075187969924812	0.00909090909090909	0.00840336134453781	0.009765625	0.0217391304347826
483I	0	0	0	0.00342465753424658	0	0.04	0.00216356555603635	0.0087719298245614	0	0.0171428571428571	0	0.00238853503184713	0.00221238938053097	0	0.00215285252960172	0	0.00136986301369863	0.00286944045911047	0	0.004	0.00249376558603491	0	0.00189753320683112	0	0	0	0	0	0.00664451827242525	0	0.0136986301369863	0	0	0.00769230769230769	0.00454545454545455	0.000668896321070234	0	0	0	0	0	0.0072463768115942	0	0	0	0	0
484K	0.0226537216828479	0.022140221402214	0.0618181818181818	0.023972602739726	0.0078740157480315	NA	0.0320207702293379	NA	NA	0.00571428571428571	0.0045662100456621	0.00690021231422505	0.00663716814159292	0.00408163265306122	0.00538213132400431	0	0.00958904109589041	0.00860832137733142	0.00543478260869565	0.008	0.0058187863674148	0.0150602409638554	0	0	0	0	0	0	0	0	0	0	0	0	0	0	0	0	0	0	0	0	0	0	0	0	0
484Q	0.0177993527508091	0.018450184501845	0.0218181818181818	0.0171232876712329	0.015748031496063	0	0.00951968844655993	0.0087719298245614	0	0.0114285714285714	0.0136986301369863	0.0148619957537155	0.0132743362831858	0.00816326530612245	0.0193756727664155	0.0181818181818182	0.0219178082191781	0.0215208034433286	0.00905797101449275	0.004	0.0124688279301746	0.0120481927710843	0.00189753320683112	0	0	0	0	0	0	0	0	0	0	0	0	0	0	0	0	0	0	0	0	0	0	0	0
484V	0.00323624595469256	0	0	0	0	0	0	0	0	0	0	0.00238853503184713	0.00221238938053097	0.00816326530612245	0.00430570505920344	0.00606060606060606	0.00136986301369863	0.00430416068866571	0.00181159420289855	0.004	0.00332502078137988	0.00602409638554217	0.0493358633776091	0.0833333333333333	0.0425531914893617	0.0425531914893617	0.0468085106382979	0.0520833333333333	0.0431893687707641	0.0701986754966887	0.0273972602739726	0.148936170212766	0	0.00769230769230769	0.0136363636363636	0.0207357859531773	0.0227743271221532	0.032967032967033	0.0289855072463768	0.0163934426229508	0.0287610619469027	0.0072463768115942	0.0300751879699248	0.0363636363636364	0.0357142857142857	0.025390625	0.0289855072463768
489H	0	0	0	0.00342465753424658	0	0	0.00129813933362181	0	0	0	0	0.000530785562632696	0	0	0.00215285252960172	0.0121212121212121	0.00136986301369863	0.00143472022955524	0	0	0.000831255195344971	0	0.00189753320683112	0	0	0.0425531914893617	0	0.0104166666666667	0.00664451827242525	0.00728476821192053	0	0.0425531914893617	0	0.00769230769230769	0	0.00133779264214047	0	0	0.0072463768115942	0	0	0	0	0	0.00420168067226891	0.001953125	0.0144927536231884
490L	0.00647249190938511	0.00738007380073801	0.00363636363636364	0.00684931506849315	0.0078740157480315	0	0.0190393768931199	0.0087719298245614	0	0.00571428571428571	0.0136986301369863	0.00849256900212314	0.00442477876106195	0.00408163265306122	0.00322927879440258	0.0181818181818182	0.00958904109589041	0.00717360114777618	0.0072463768115942	0.004	0.00498753117206983	0.0120481927710843	0	0	0	0	0.00425531914893617	0	0.00332225913621262	0.000662251655629139	0.0136986301369863	0	0	0.00769230769230769	0.00454545454545455	0.00869565217391304	0.0124223602484472	0	0	0.0163934426229508	0.00221238938053097	0	0.0075187969924812	0	0.00210084033613445	0.00390625	0.0072463768115942
490S	0.00970873786407767	0.011070110701107	0.0181818181818182	0.00684931506849315	0.0078740157480315	0.08	0.0255300735612289	0.0175438596491228	0	0.0171428571428571	0	0.00504246284501062	0.0154867256637168	0.00408163265306122	0.00753498385360603	0	0.00273972602739726	0.00860832137733142	0.0072463768115942	0	0.00498753117206983	0.00301204819277108	0.00379506641366224	0	0	0	0	0	0.00332225913621262	0.00596026490066225	0.0136986301369863	0	0	0.0384615384615385	0.0272727272727273	0.0214046822742475	0.0041407867494824	0	0	0	0.00663716814159292	0.0144927536231884	0	0	0.00420168067226891	0.00390625	0.0072463768115942
493L	0	0	0.00363636363636364	0	0	0	0.00173085244482908	0	0	0	0	0.00318471337579618	0.00221238938053097	0.00408163265306122	0.00538213132400431	0	0	0.00717360114777618	0	0.004	0.00249376558603491	0	0.0986717267552182	0.145833333333333	0.0212765957446809	0.0425531914893617	0.0212765957446809	0.0208333333333333	0.136212624584718	0.0582781456953642	0.164383561643836	0.0425531914893617	0.0888888888888889	0.0461538461538462	0.0181818181818182	0.0394648829431438	0	0	0	0	0	0	0	0	0	0	0
494L	0.0145631067961165	0.014760147601476	0.00727272727272727	0.00342465753424658	0	0	0.000865426222414539	0	0	0.0228571428571429	0.0410958904109589	0.0276008492569002	0.0132743362831858	0.0326530612244898	0.0333692142088267	0.0242424242424242	0.0301369863013699	0.024390243902439	0.0253623188405797	0.016	0.0232751454696592	0.0180722891566265	0	0	0	0	0	0	0	0	0	0	0	0	0	0	0	0	0.0072463768115942	0	0	0.0072463768115942	0	0	0	0.001953125	0
494P	0.0323624595469256	0.0590405904059041	0.04	0.0547945205479452	0.0393700787401575	0	0.0263954997836434	0.0087719298245614	0.0285714285714286	0.0171428571428571	0.0182648401826484	0.0119426751592357	0.0176991150442478	0.0244897959183673	0.00968783638320775	0.0181818181818182	0.0178082191780822	0.0143472022955524	0.0144927536231884	0.02	0.0224438902743142	0.0120481927710843	0.0227703984819734	0	0	0	0.00851063829787234	0.0104166666666667	0.0199335548172757	0.0397350993377483	0.0273972602739726	0	0.0888888888888889	0.1	0.0590909090909091	0.0775919732441472	0.0476190476190476	0.021978021978022	0.0144927536231884	0.0327868852459016	0.0221238938053097	0.0289855072463768	0.0300751879699248	0.0363636363636364	0.0336134453781513	0.01953125	0.0507246376811594
496N	0	0	0	0	0	0	0	0	0	0	0	0	0	0	0	0	0	0	0	0	0	0	0.0170777988614801	0.0208333333333333	0.0212765957446809	0.0212765957446809	0.00425531914893617	0.03125	0.0166112956810631	0.019205298013245	0	0.0212765957446809	0	0	0	0	0	0	0	0	0	0	0	0	0	0	0
496S	0	0	0	0	0	0	0.0168758113370835	0	0	0	0	0.000265392781316348	0	0	0	0.00606060606060606	0.00136986301369863	0.00143472022955524	0.00181159420289855	0	0.00249376558603491	0	NA	NA	NA	NA	NA	NA	NA	NA	NA	NA	0.0888888888888889	0.0307692307692308	0.00454545454545455	0.0214046822742475	0.0020703933747412	0	0	0	0	0	0	0	0.00210084033613445	0.001953125	0
501Y	0.0177993527508091	0.022140221402214	0.0109090909090909	0.0102739726027397	0.0236220472440945	NA	NA	0.0175438596491228	NA	0	0.0045662100456621	0.00238853503184713	0.0132743362831858	0	0.00107642626480086	0	0.00136986301369863	0.00573888091822095	0.0072463768115942	0	0.00166251039068994	0.00301204819277108	NA	NA	NA	NA	NA	NA	NA	NA	NA	NA	NA	NA	NA	NA	NA	NA	NA	NA	NA	NA	NA	NA	NA	NA	NA
514F	0.00485436893203883	0.011070110701107	0.00727272727272727	0.0171232876712329	0.015748031496063	0	0.00735612289052358	0.0087719298245614	0	0.00571428571428571	0.0091324200913242	0.0143312101910828	0.0132743362831858	0.0204081632653061	0.0118406889128095	0.0242424242424242	0.00547945205479452	0.0200860832137733	0.0181159420289855	0.02	0.0116375727348296	0.00903614457831325	0.00189753320683112	0	0	0	0.00425531914893617	0	0	0.000662251655629139	0	0	0	0	0.00454545454545455	0.00133779264214047	0.0020703933747412	0	0.0072463768115942	0	0	0	0.0075187969924812	0	0.00210084033613445	0	0
517F	0.00970873786407767	0	0.00727272727272727	0.0171232876712329	0.015748031496063	0.04	0.0056252704456945	0	0	0	0.0045662100456621	0.00398089171974522	0.00221238938053097	0	0.00968783638320775	0	0.00410958904109589	0.00860832137733142	0.00543478260869565	0.008	0.00415627597672485	0.00301204819277108	0.0113851992409867	0	0	0	0.00425531914893617	0	0.00332225913621262	0.00463576158940397	0	0.0212765957446809	0	0	0.0136363636363636	0.00668896321070234	0.0124223602484472	0.010989010989011	0.0072463768115942	0	0.0154867256637168	0	0.0075187969924812	0.00909090909090909	0.0273109243697479	0.0078125	0.0144927536231884
519L	0	0	0	0	0	0	0.00043271311120727	0	0	0	0	0.000265392781316348	0.00442477876106195	0	0.00322927879440258	0	0.00273972602739726	0.00143472022955524	0.00181159420289855	0.008	0.00415627597672485	0.00301204819277108	0.00569259962049336	0	0.0425531914893617	0.0212765957446809	0.0127659574468085	0.0104166666666667	0	0.00662251655629139	0	0	0	0	0	0	0	0	0	0	0	0	0	0	0.00210084033613445	0	0
520S	0.0226537216828479	0.025830258302583	0.0254545454545455	0.0205479452054795	0	0	0.0216356555603635	0.0175438596491228	0.0285714285714286	0.0228571428571429	0.0091324200913242	0.0140658174097665	0.0154867256637168	0	0.0118406889128095	0.0181818181818182	0.0164383561643836	0.00717360114777618	0.0144927536231884	0.008	0.0124688279301746	0.0150602409638554	0.00569259962049336	0	0.0212765957446809	0	0.00425531914893617	0.0104166666666667	0.00664451827242525	0.00463576158940397	0	0	0.0222222222222222	0	0	0.00936454849498328	0.0020703933747412	0.021978021978022	0.0144927536231884	0.0163934426229508	0.00884955752212389	0	0	0.00909090909090909	0.00840336134453781	0.00390625	0
522P	0.00161812297734628	0.00738007380073801	0.00363636363636364	0	0.015748031496063	0	0.00259627866724362	0	0.0142857142857143	0	0.0091324200913242	0.00345010615711253	0.00442477876106195	0.00408163265306122	0.00753498385360603	0	0.00136986301369863	0.00286944045911047	0.00181159420289855	0.004	0.00332502078137988	0	0.0094876660341556	0	0	0	0.0212765957446809	0.03125	0.00332225913621262	0.00860927152317881	0	0.0851063829787234	0	0	0.00454545454545455	0.00735785953177258	0.0082815734989648	0	0.0072463768115942	0.0327868852459016	0.00221238938053097	0	0.0075187969924812	0	0.00630252100840336	0.00390625	0.0072463768115942
522S	0.0242718446601942	0.029520295202952	0.0363636363636364	0.0102739726027397	0.0236220472440945	0	0.0116832540025963	0	0.0142857142857143	0	0.0091324200913242	0.0156581740976645	0.00884955752212389	0	0.00538213132400431	0.00606060606060606	0.00958904109589041	0.0100430416068867	0.00543478260869565	0.02	0.0124688279301746	0.0240963855421687	0.00759013282732448	0	0	0	0.00425531914893617	0	0.00332225913621262	0.00397350993377483	0	0	0	0.00769230769230769	0	0.00468227424749164	0.0041407867494824	0.010989010989011	0	0.0163934426229508	0.00884955752212389	0.0144927536231884	0	0	0.0147058823529412	0.009765625	0
522T	0	0	0	0	0	0	0.00216356555603635	0	0	0	0	0.000530785562632696	0	0.00408163265306122	0	0	0	0	0	0	0	0	0.00569259962049336	0	0	0	0.0297872340425532	0	0.00996677740863787	0.00463576158940397	0	0	0	0	0	0.000668896321070234	0	0	0	0	0	0	0	0	0	0	0
522V	0.0323624595469256	0.03690036900369	0.04	0.0376712328767123	0.0078740157480315	0.12	0.0138468195586326	0.0263157894736842	0.0142857142857143	0.0514285714285714	0.0045662100456621	0.0193736730360934	0.0154867256637168	0.0408163265306122	0.0172228202368138	0.0121212121212121	0.0232876712328767	0.0258249641319943	0.016304347826087	0.036	0.029093931837074	0.0240963855421687	0.0550284629981025	0.0208333333333333	0.0212765957446809	0.0425531914893617	0.0638297872340425	0.0208333333333333	0.0199335548172757	0.0225165562913907	0.0136986301369863	0	0.0222222222222222	0.0230769230769231	0.00909090909090909	0.011371237458194	0.0082815734989648	0	0.0072463768115942	0	0.00663716814159292	0	0	0.00909090909090909	0.00210084033613445	0	0
523A	0	0	0	0	0	0	0.00216356555603635	0	0	0	0	0	0	0	0.00215285252960172	0	0.00136986301369863	0	0	0.008	0	0	0.00759013282732448	0	0	0	0.0425531914893617	0.0208333333333333	0.00664451827242525	0.0172185430463576	0	0	0	0	0	0	0	0	0	0	0	0	0	0	0	0	0
