Clade	A	B	C	D1	D2	E1	E2.1	E2.2	E3	F1	F2	F3
B.1	0.00471278129226368	0.00209617638333334	0.0121609512332836	0.0134942430848258	0.00646673117363184	0.00454573915447761	0.00426034731393036	0.00297578457985075	0.00925505075519902	0.0074064196968408	0.004970401779602	0.00813292882810946
B.1.1	0.00216934280626866	0.000780885887064676	0.0046048048	0.00511189481044776	0.00277441477512438	0.00195883562039801	0.00174585283283582	0.00138085432935323	0.0041637592699005	0.0031968676937811	0.0022962731721393	0.00398626710149253
B.1.2	0.00234104959116916	0.00113506183134328	0.00784544254950249	0.00557761206268657	0.00259046206542288	0.00228815401965174	0.0021179125318408	0.00143544474179104	0.00457259004004975	0.00334762549800995	0.00235539178383085	0.00352346498432836
B.1.177	0.00222641783609453	0.000942695422388058	0.0050753088697015	0.00516664160522388	0.00273407549502487	0.00222900331567164	0.00180259503980099	0.00131297759452736	0.00486996625199005	0.00386162066940299	0.00270085115870647	0.00361426922064677
B.1.429	0.00124251830196517	0.000383705104228856	0.00188252145273632	0.00290586725223881	0.00167570579054726	0.0011565285960199	0.000879386205223881	0.000580743991542288	0.00199490990945274	0.0016623187119403	0.00122211597686567	0.00167333217686567
B.1.351	0.000176944790049751	0.00011840103358209	0.000337855456467662	0.000314853161691542	0.000104909006965174	0.000165032044029851	0.00015459138880597	0.000115257294029851	0.000431242103731343	0.000331103044278607	0.000193744615174129	0.000219180930099502
B.1.1.7	0.0212670222073632	0.00886317825398009	0.0518662925487559	0.0504929022395523	0.0237027266945274	0.0188341596373135	0.0156491817251244	0.0112819078310945	0.0358174392559701	0.028337289221393	0.0200531094957712	0.0311446772057215
B.1.526	0.000901309532935323	0.000333040155970149	0.00169047527291045	0.00238038269029851	0.00161109557064676	0.000952920139054726	0.000667072817661692	0.000494892565671642	0.00167028541044776	0.00147769955671642	0.000888672640547263	0.00151003638557214
P.1	0.000510388657437811	0.000177788010447761	0.000817263613681592	0.00132807114328358	0.000776284888059702	0.000395851569900497	0.000373242947014925	0.000307750522139304	0.00110842358731343	0.000863990968159204	0.000493701364676617	0.000906039054477612
AY.26	0.00132062886154229	0.000517079843532338	0.00236265360077114	0.00594064341243781	0.00448140093482587	0.00161634011293532	0.00116821415099503	0.000838060568656717	0.00250736885422886	0.00172488490199005	0.00139615316890547	0.00208604602462687
AY.5	0.00167442497972637	0.000579617715671642	0.00255068472412935	0.00525559823656716	0.00360060960422885	0.00162529637910448	0.00124408705746269	0.000873922988308458	0.00290564586069652	0.0019045731340796	0.00183149903830846	0.00308397122213931
AY.4	0.024369419919229	0.0103794012450248	0.0484471886461439	0.0893297069405466	0.0614423757649241	0.0274812524771144	0.0214490632741293	0.0165426893353234	0.0541775669962688	0.0376920963488059	0.0281062688049753	0.0428684745952738
AY.122	0.0034121198329602	0.00140403816666667	0.00655280503539801	0.0123826267552239	0.00868656598706468	0.00342876331343284	0.00269556517960199	0.00200758554353234	0.00659813686393035	0.00447271955945274	0.00313318295547264	0.00547464038134328
AY.98	0.00194232939641791	0.000720310881094528	0.00306595781447761	0.00622509590547263	0.00434783259776119	0.00187009892587065	0.00138386193233831	0.00115258416666667	0.00361422290820895	0.00243122223233831	0.00174554425497512	0.00291524109378109
AY.44	0.00719332961348258	0.00300424666542289	0.0128360784291294	0.0245540073756218	0.0173798375485074	0.00675906112338309	0.00540288185074628	0.0041191916699005	0.0132604149791045	0.00930537107487563	0.00708162584502487	0.0108894795606965
AY.47	0.00133868662557214	0.000466670651243781	0.00212578299582089	0.00389942321716418	0.00238222777587065	0.00121202129502488	0.000958958339303483	0.000755739481343284	0.00260032469726368	0.00161173023880597	0.00115694624303483	0.00198263658955224
AY.25	0.00555299559676617	0.00224953957089552	0.010589629794801	0.0179441472883084	0.0118430724920398	0.00595384133457711	0.00468973621890547	0.00345483644104478	0.0104337734651741	0.00764987940572139	0.00537300351641791	0.0081856934124378
AY.3	0.00528217537323383	0.00213647191567164	0.0103819537664179	0.018275272222388	0.0122279386621891	0.00512013804850747	0.00407440582761194	0.00322344911865672	0.0107834718136816	0.00705023766621891	0.00481024361467662	0.00810278690049752
AY.43	0.00444052187992537	0.00147371282910448	0.00698208182492538	0.0161861200527363	0.0116861893552239	0.0036340372579602	0.00314791933656716	0.00251970623482587	0.00813473222288557	0.00550688145820895	0.00394051752761194	0.00590411864900498
AY.39	0.00185677821370647	0.000689715486069652	0.00321981862915423	0.00575954236567164	0.00375130264278607	0.0022026242960199	0.0017528224221393	0.00111122727089552	0.004061008189801	0.0027138333022388	0.00199793161268657	0.00302367144129353
AY.103	0.00990146713059698	0.00360239251840796	0.0158704241364179	0.0312499443291044	0.0216268810738807	0.00925874028805969	0.00733101743009949	0.00559792517636815	0.017716679372388	0.011916097570398	0.00886815631940296	0.0144575257960199
AY.100	0.00228149141619403	0.000989087567661691	0.00544068491320896	0.00999589606019899	0.00703907158606965	0.0027715499858209	0.00242450663308458	0.00158978935721393	0.00474549003980099	0.00347115989079602	0.00255797032288557	0.00328677185174129
BA.1	0.00532363768815919	0.00189708093606965	0.010719738855995	0.0129060326761194	0.00384922846865672	0.00741859987885573	0.00525267911343284	0.00277595184054726	0.00806480577338311	0.00533604933681593	0.00367313071915423	0.00656682589900497
BA.1.17	0.000515239747761194	0.000175383098756219	0.00113157667363184	0.00107229266318408	0.000208982732587065	0.00075853602960199	0.00048008259079602	0.000275598083084577	0.000705672292288557	0.000483024098756219	0.000504138475870647	0.000431039669154229
BA.1.18	0.000457566615671642	0.000125285735572139	0.000730591815920398	0.00103845882935323	0.000217735671890547	0.000787248158706468	0.000479082202487562	0.000214683682089552	0.000711265903233831	0.000501944579850746	0.000277765523134328	0.000650538985572139
BA.1.20	0.000393821460696517	0.000153088133830846	0.000877941278358209	0.00112117843432836	0.000174409439800995	0.00056568002238806	0.000392831421641791	0.000291395352487562	0.000646611782338309	0.000373804870149254	0.000256568033830846	0.00049718454079602
BA.1.15	0.00207300859303483	0.000852406674303482	0.00465910222935323	0.00588314762189055	0.00149487268830846	0.00264748115223881	0.00216003342064676	0.0013322750300995	0.003461185	0.00262417120671642	0.00166660352960199	0.00236412117910448
BA.1.1.18	0.00119824171208955	0.000299958837562189	0.00179652879875622	0.00201440696492537	0.000718673428855721	0.000672650028855721	0.00087662970920398	0.000670561841293533	0.00149877566716418	0.000987852162686567	0.00061016826442786	0.00135696353855721
BA.1.17.2	0.00357059951029851	0.00114541410597015	0.00564272667962687	0.00588598771343283	0.00170730496268657	0.0039441902619403	0.00405313196616915	0.00251726675298508	0.00412904835422886	0.00295132824850747	0.0021929448278607	0.00401594929452737
BA.1.1	0.0170574835467662	0.00612860649104476	0.0343520511644529	0.0354434638131842	0.0109416725206468	0.0136930235442785	0.0164905747032338	0.0115404768014925	0.0206591435057213	0.0150158499955223	0.0101638274699005	0.0173789489641791
BA.1.15.1	0.000647088909950249	0.000234858499502488	0.00125055027810945	0.00149907822139303	0.000512786991044776	0.00132838435671642	0.00115067186890547	0.00070792316840796	0.000979007	0.000831653478109453	0.000510119473134328	0.00085809222960199
BA.1.1.1	0.000790747437064677	0.00027953480920398	0.00129220722189055	0.00105428107089552	0.000193159146268657	0.000776021899502487	0.000422520662935323	0.00018873387039801	0.000649015761940299	0.000416775206965174	0.000304310564179104	0.000772359516417911
BA.2.10	0.000302161547761194	0.000100818602985075	0.000496377297512438	0.00129172348134328	0.000421212333333333	0.000693243746019901	0.000613996554477612	0.000403130365422886	0.00058930957039801	0.000358800724129353	0.000278475115920398	0.000395277151243781
BA.2.3	0.00101265027288557	0.000387380749253731	0.00204252331343284	0.00264646176119403	0.000790767862935323	0.00113403191442786	0.00142886266741294	0.00111626804527363	0.00147793324054726	0.000915218436567164	0.000725854251243781	0.00143256070174129
BA.2.9	0.0017726756158209	0.000754253472139304	0.00371395225845771	0.00511922032114428	0.00201142691467662	0.00281626539825871	0.00275647657562189	0.00194587084527363	0.00333538496542289	0.00200623482636816	0.0014083785199005	0.00229989467437811
BA.2	0.0127962032343781	0.0052555735164179	0.0275237268866418	0.0376838133407959	0.0124114071527363	0.0198724254955222	0.0180099613664179	0.0114926710323384	0.0207530716674129	0.0133793836885571	0.00958496624800994	0.0163350126895522
BA.2.12.1	0.00351743804587065	0.00171454187437811	0.00731302730126867	0.0159952254644279	0.00859364229577114	0.00717476137835821	0.004848967420398	0.00256558513830846	0.00700292611666668	0.00449438871218906	0.00316227944278607	0.00467824363432835
BA.4	0.000739757419900498	0.000266892836069652	0.00122131635223881	0.00396240588582089	0.0024714047	0.0020243426460199	0.00118189302089552	0.000415810027363184	0.00131864449502488	0.000919327131094527	0.000583657743034826	0.00117334988830846
BA.4.1	0.000992772244751244	0.000426293904726368	0.0017542103709204	0.00532543379004975	0.00323460835945273	0.00253370264552239	0.00173530371741294	0.000831079011442786	0.00204368216069652	0.00136827933557214	0.000898637420646766	0.00128900592985074
BA.5	0.0004550422539801	0.000277262980348259	0.000762384379850746	0.00203968676293532	0.00112100815845771	0.00146792492363184	0.000830023268159204	0.000335988573134328	0.00112623404353234	0.000576632901243781	0.000381920773134328	0.0006692778460199
BA.5.1	0.00342401350552239	0.00185680556965174	0.00631254205554727	0.0175204359062189	0.0104524574940299	0.0110033375656716	0.00767249465273634	0.00357229217338309	0.00679463813308458	0.00442520340323384	0.00298586696791045	0.00472516564452737
BA.5.5	0.000962424286940299	0.000431326078109453	0.00166867816542289	0.00519382709651741	0.00298471173980099	0.00282349874129353	0.00156074570472637	0.00059283518880597	0.00231257276417911	0.00136180989029851	0.000907960325870647	0.00168077018532338
BE.1	0.00100194017522388	0.000463339772388059	0.00208146338708955	0.00546997592014925	0.00284133325373134	0.00382264168532338	0.00207960046492537	0.000586816361691542	0.00204320865870647	0.00125636167910448	0.000864162250995025	0.00136969297288557
BA.5.6	0.000996097024626866	0.000501587310696517	0.00149185875174129	0.00436564466293532	0.00264275051716418	0.00241214470522388	0.00148148370845771	0.000479393821890547	0.00162268661840796	0.000971324571890548	0.000694966844527363	0.00130843288034826
BA.5.2.1	0.00411258350278608	0.00214315329701492	0.00725507029313435	0.0175672943144279	0.0124098526579602	0.00682165158532338	0.0047347774181592	0.00251765568781095	0.00741928765298508	0.00447236261019901	0.00304884607164179	0.00455229393233831
BA.5.2	0.00393294076007462	0.00182012593781095	0.00641273468932837	0.0209288481902984	0.0124009843587065	0.0136454868631841	0.00838095178880599	0.00318551468134329	0.0075636588017413	0.00492495551318409	0.00333226055597015	0.00505827077587065
BA.4.6	0.00125957265736318	0.000793225732089552	0.00227120989303483	0.00362489749278607	0.00226120372711443	0.00200890043781095	0.00123619705298507	0.000619033059452737	0.00211769044378109	0.00132409654875622	0.000918629838557214	0.00127589294900498
