Mut	A	B	C	D1	D2	E1	E2.1	E2.2	E3	F1	F2	F3	WT	Delta	BA1	BA2	BA45
340D	0	0	0	0	0	0	0	0	0	0	0	0	1	1	0	0	0
340K	0	0	0	0	0	0	0	0	0	0	0	0	0	0	0	0	0
346I	0	0	0	1	0	1	1	0	0	0	0	0	1	1	0	0	0
346K	0	0	0	1	0	1	1	0	0	0	0	0	1	1	1	1	1
346S	0	0	0	1	0	1	1	0	0	0	0	0	1	1	1	0	0
346T	0	0	0	1	0	1	1	0	0	0	0	0	1	1	1	1	1
384L	0	0	0	0	0	0	0	0	0	1	1	0	1	1	1	1	1
384S	0	0	0	0	0	0	0	0	0	1	1	0	0	0	0	0	0
427N	0	0	0	0	0	0	0	0	0	0	0	0	1	0	0	0	0
427Y	0	0	0	0	0	0	0	0	1	0	0	0	0	0	0	0	0
444M	0	0	0	1	1	0	0	0	0	0	0	0	0	0	0	0	0
444N	0	0	0	1	1	0	0	0	0	0	0	0	0	0	0	0	0
444R	0	0	0	1	1	0	0	0	0	0	0	0	1	0	0	0	0
445A	0	0	0	0	1	0	0	0	0	0	0	0	0	0	0	0	0
445F	0	0	0	0	1	0	0	0	0	0	0	0	0	0	0	0	0
446D	0	0	0	1	1	0	0	0	0	0	0	0	0	0	0	0	0
446S	0	0	0	1	1	0	0	0	0	0	0	0	0	0	0	0	0
446V	0	0	0	1	1	0	0	0	0	0	0	0	0	0	0	0	0
452M	0	0	0	0	0	0	0	0	0	0	0	0	1	1	1	1	1
452Q	0	0	1	1	0	0	0	0	0	0	0	0	1	1	1	1	1
452R	0	0	1	1	0	0	1	1	0	0	0	0	1	1	1	1	1
455F	1	0	0	0	0	0	0	0	0	0	0	0	0	0	0	0	0
455S	1	0	0	0	0	0	0	0	0	0	0	0	0	0	0	1	1
463R	0	0	0	0	0	0	0	0	0	0	0	0	0	0	0	0	0
463S	0	0	0	0	0	0	0	0	0	0	0	0	0	0	0	0	0
463T	0	0	0	0	0	0	0	0	0	0	0	0	0	0	0	0	0
477I	0	0	0	0	0	0	0	0	0	0	0	0	1	0	0	0	0
477N	0	0	0	0	0	0	0	0	0	0	0	0	1	1	0	0	0
478I	0	0	0	0	0	0	0	0	0	0	0	0	0	0	0	0	0
478R	0	0	0	0	0	0	0	0	0	0	0	0	1	0	0	0	0
479L	0	0	0	0	0	0	0	0	0	0	0	0	0	0	0	0	0
479S	0	0	0	0	0	0	0	0	0	0	0	0	0	0	0	0	0
484K	1	1	1	1	0	1	1	0	0	0	0	0	1	1	0	0	0
484Q	0	1	1	0	0	0	0	0	0	0	0	0	1	0	0	1	1
484V	1	1	1	1	0	1	1	0	0	0	0	0	0	0	0	0	0
494L	0	0	0	0	0	0	0	0	0	0	0	0	0	0	0	0	0
494P	0	0	1	0	0	0	0	0	0	0	0	0	1	1	0	0	0
522P	0	0	0	0	0	0	0	0	0	0	0	0	1	1	1	0	0
522S	0	0	0	0	0	0	0	0	0	0	0	0	1	0	0	0	0
522V	0	0	0	0	0	0	0	0	0	0	0	0	0	1	0	0	0
