Mut	bind_avg	expr_avg	bindexpr
331A	-0.03	-0.11	-0.14
331C	-0.09	-1.26	-1.35
331D	0.03	-0.44	-0.41
331E	0	-0.31	-0.31
331F	-0.1	-0.7	-0.8
331G	-0.04	-0.25	-0.29
331H	-0.02	-0.61	-0.63
331I	-0.07	-0.85	-0.92
331K	-0.01	-0.2	-0.21
331L	-0.05	-0.75	-0.8
331M	-0.02	-0.75	-0.77
331N	0	0	0
331P	-0.03	-0.21	-0.24
331Q	0.01	-0.53	-0.52
331R	-0.02	-0.44	-0.46
331S	-0.03	-0.33	-0.36
331T	0.06	-0.34	-0.28
331V	-0.04	-0.61	-0.65
331W	-0.16	-1.12	-1.28
331Y	-0.06	-1.02	-1.08
331*	NA	-4.63	#VALUE!
332A	0	0	0
332C	-0.09	-0.12	-0.21
332D	-0.02	0.03	0.01
332E	0.08	0.01	0.09
332F	-0.22	-0.1	-0.32
332G	-0.08	0.14	0.06
332H	0.04	0.05	0.09
332I	0	0	0
332K	-0.05	-0.06	-0.11
332L	0	-0.03	-0.03
332M	0	-0.02	-0.02
332N	0	0.05	0.05
332P	0.06	-0.17	-0.11
332Q	-0.02	0.07	0.05
332R	0	-0.04	-0.04
332S	-0.04	-0.03	-0.07
332T	-0.03	-0.04	-0.07
332V	0	0.02	0.02
332W	-0.03	-0.33	-0.36
332Y	-0.03	-0.07	-0.1
332*	NA	-4.62	#VALUE!
333A	-0.01	-0.37	-0.38
333C	-0.14	-0.93	-1.07
333D	-0.01	-0.27	-0.28
333E	-0.15	-0.31	-0.46
333F	-0.15	-0.89	-1.04
333G	-0.07	-0.41	-0.48
333H	-0.07	-0.29	-0.36
333I	-0.06	-1.03	-1.09
333K	-0.01	-0.2	-0.21
333L	-0.01	-0.55	-0.56
333M	-0.02	-0.47	-0.49
333N	-0.06	-0.35	-0.41
333P	0.03	-0.28	-0.25
333Q	0.02	-0.35	-0.33
333R	0	-0.54	-0.54
333S	-0.08	-0.04	-0.12
333T	0	0	0
333V	-0.05	-0.56	-0.61
333W	-0.21	-0.63	-0.84
333Y	-0.07	-0.62	-0.69
333*	NA	-4.61	#VALUE!
334A	-0.03	-0.12	-0.15
334C	-0.11	-0.57	-0.68
334D	0.07	-0.04	0.03
334E	0.01	-0.05	-0.04
334F	-0.22	-0.97	-1.19
334G	-0.03	-0.21	-0.24
334H	-0.02	-0.12	-0.14
334I	-0.2	-0.67	-0.87
334K	-0.03	-0.02	-0.05
334L	-0.2	-0.72	-0.92
334M	-0.05	-0.4	-0.45
334N	0	0	0
334P	-0.18	-0.55	-0.73
334Q	0.01	-0.08	-0.07
334R	0	-0.12	-0.12
334S	-0.06	-0.19	-0.25
334T	-0.04	-0.02	-0.06
334V	-0.07	-0.47	-0.54
334W	-0.24	-1.01	-1.25
334Y	-0.09	-0.61	-0.7
334*	NA	-4.63	#VALUE!
335A	0.04	-0.01	0.03
335C	-0.11	-0.38	-0.49
335D	0	-0.09	-0.09
335E	0.06	0.11	0.17
335F	-0.03	-0.16	-0.19
335G	-0.08	-0.16	-0.24
335H	-0.03	-0.1	-0.13
335I	-0.02	-0.16	-0.18
335K	-0.03	0.02	-0.01
335L	0	0	0
335M	0.01	-0.15	-0.14
335N	0.03	-0.08	-0.05
335P	0.06	0.09	0.15
335Q	-0.02	-0.05	-0.07
335R	-0.01	-0.14	-0.15
335S	0.01	-0.08	-0.07
335T	0.02	-0.08	-0.06
335V	-0.08	-0.1	-0.18
335W	-0.05	-0.13	-0.18
335Y	-0.02	-0.12	-0.14
335*	NA	-4.63	#VALUE!
336A	-0.69	-1.49	-2.18
336C	0	0	0
336D	-0.48	-1.16	-1.64
336E	-0.61	-1.44	-2.05
336F	-0.57	-1.28	-1.85
336G	-0.65	-0.96	-1.61
336H	-0.71	-1.39	-2.1
336I	-0.75	-1.69	-2.44
336K	-0.93	-1.93	-2.86
336L	-0.81	-1.68	-2.49
336M	-0.75	-1.77	-2.52
336N	-0.51	-1.35	-1.86
336P	-0.93	-1.95	-2.88
336Q	-0.68	-1.67	-2.35
336R	-0.99	-2.17	-3.16
336S	-0.65	-1.38	-2.03
336T	-0.58	-1.31	-1.89
336V	-0.62	-1.51	-2.13
336W	-0.81	-1.68	-2.49
336Y	-0.7	-1.6	-2.3
336*	NA	-4.64	#VALUE!
337A	-0.09	-0.31	-0.4
337C	-0.18	-0.49	-0.67
337D	0.06	0.29	0.35
337E	-0.01	0	-0.01
337F	-0.45	-1.1	-1.55
337G	-0.15	-0.4	-0.55
337H	-0.09	-0.65	-0.74
337I	-0.54	-1.57	-2.11
337K	-0.05	-0.32	-0.37
337L	-0.27	-0.95	-1.22
337M	-0.19	-0.86	-1.05
337N	-0.03	0.28	0.25
337P	0	0	0
337Q	-0.21	-0.14	-0.35
337R	-0.14	-0.29	-0.43
337S	-0.1	-0.23	-0.33
337T	-0.13	-0.44	-0.57
337V	-0.4	-1.2	-1.6
337W	-0.4	-1.18	-1.58
337Y	-0.26	-1.12	-1.38
337*	NA	-4.62	#VALUE!
338A	-0.97	-2.18	-3.15
338C	-0.95	-2.08	-3.03
338D	-1.11	-2.24	-3.35
338E	-1.04	-2.13	-3.17
338F	0	0	0
338G	-1.08	-2.11	-3.19
338H	-0.97	-1.88	-2.85
338I	-0.15	-0.48	-0.63
338K	-1.49	-2.31	-3.8
338L	-0.03	0.06	0.03
338M	-0.15	-0.59	-0.74
338N	-1.13	-2.3	-3.43
338P	-0.93	-2.24	-3.17
338Q	-1.04	-2.37	-3.41
338R	-1.66	-2.6	-4.26
338S	-1.03	-2.31	-3.34
338T	-0.93	-2.01	-2.94
338V	-0.55	-1.5	-2.05
338W	0.04	-0.06	-0.02
338Y	-0.05	-0.52	-0.57
338*	NA	-4.6	#VALUE!
339A	0	0.01	0.01
339C	-0.37	-1.23	-1.6
339D	0.06	0.3	0.36
339E	-0.03	0.16	0.13
339F	-0.11	-0.27	-0.38
339G	0	0	0
339H	0.01	0.15	0.16
339I	-0.21	-0.68	-0.89
339K	-0.11	-0.23	-0.34
339L	-0.22	-0.54	-0.76
339M	-0.15	-0.37	-0.52
339N	0.02	0.11	0.13
339P	-0.14	-0.52	-0.66
339Q	-0.05	0	-0.05
339R	-0.1	-0.26	-0.36
339S	0.02	0.08	0.1
339T	-0.05	-0.2	-0.25
339V	-0.18	-0.51	-0.69
339W	-0.09	-0.22	-0.31
339Y	-0.03	-0.17	-0.2
339*	NA	-4.61	#VALUE!
340A	-0.09	-0.35	-0.44
340C	-0.44	-1.36	-1.8
340D	0.01	-0.11	-0.1
340E	0	0	0
340F	-0.64	-1.77	-2.41
340G	-0.27	-0.76	-1.03
340H	-0.27	-1.09	-1.36
340I	-0.39	-1.1	-1.49
340K	-0.11	-0.56	-0.67
340L	-0.21	-0.87	-1.08
340M	-0.18	-0.74	-0.92
340N	-0.23	-0.77	-1
340P	-0.21	-0.81	-1.02
340Q	-0.05	-0.5	-0.55
340R	-0.28	-1.05	-1.33
340S	-0.1	-0.48	-0.58
340T	-0.18	-0.63	-0.81
340V	-0.26	-1.1	-1.36
340W	-0.63	-1.84	-2.47
340Y	-0.55	-1.71	-2.26
340*	NA	-4.63	#VALUE!
341A	-0.86	-1.98	-2.84
341C	-0.88	-1.94	-2.82
341D	-0.94	-2.21	-3.15
341E	-0.97	-2.22	-3.19
341F	-0.51	-1.06	-1.57
341G	-1.06	-2.3	-3.36
341H	-0.99	-2.01	-3
341I	0.02	0.21	0.23
341K	-1.67	-2.23	-3.9
341L	-0.15	-0.43	-0.58
341M	-0.52	-1.1	-1.62
341N	-1.02	-2.17	-3.19
341P	-0.93	-1.98	-2.91
341Q	-0.97	-1.99	-2.96
341R	-1.37	-2.22	-3.59
341S	-0.87	-2.18	-3.05
341T	-0.59	-1.5	-2.09
341V	0	0	0
341W	-0.47	-1.18	-1.65
341Y	-0.65	-1.29	-1.94
341*	NA	-4.02	#VALUE!
342A	-0.99	-2.24	-3.23
342C	-1.01	-2.27	-3.28
342D	-1.55	-2.54	-4.09
342E	-1.51	-2.59	-4.1
342F	0	0	0
342G	-1.41	-2.36	-3.77
342H	-1.54	-2.32	-3.86
342I	-0.15	-0.78	-0.93
342K	-1.07	-2.23	-3.3
342L	-0.28	-0.84	-1.12
342M	-0.3	-0.99	-1.29
342N	-1.6	-2.39	-3.99
342P	-1.79	-2.47	-4.26
342Q	-1.35	-2.33	-3.68
342R	-1.22	-2.43	-3.65
342S	-1.34	-2.41	-3.75
342T	-0.78	-2.28	-3.06
342V	-0.38	-1.23	-1.61
342W	-0.73	-2.3	-3.03
342Y	-0.89	-2.21	-3.1
342*	NA	-4.6	#VALUE!
343A	-0.38	-1.52	-1.9
343C	-0.76	-2.18	-2.94
343D	-0.37	-1.67	-2.04
343E	-0.25	-1.7	-1.95
343F	-0.45	-2.57	-3.02
343G	-0.2	-1.35	-1.55
343H	-0.31	-1.45	-1.76
343I	-0.96	-3.06	-4.02
343K	-0.31	-2.33	-2.64
343L	-0.58	-2.58	-3.16
343M	-0.49	-2.85	-3.34
343N	0	0	0
343P	-1.47	-3.2	-4.67
343Q	-0.29	-1.4	-1.69
343R	-0.42	-2.55	-2.97
343S	-0.32	-2.58	-2.9
343T	-0.35	-2.46	-2.81
343V	-0.82	-3.11	-3.93
343W	-0.5	-2.94	-3.44
343Y	-0.46	-2.14	-2.6
343*	NA	-4.65	#VALUE!
344A	0	0	0
344C	-0.4	-1.54	-1.94
344D	-0.41	-1.48	-1.89
344E	-0.26	-0.94	-1.2
344F	-0.83	-2.39	-3.22
344G	-0.32	-1.31	-1.63
344H	-0.46	-1.41	-1.87
344I	-0.41	-1.38	-1.79
344K	-0.1	-0.57	-0.67
344L	-0.62	-1.87	-2.49
344M	-0.43	-1.18	-1.61
344N	-0.14	-0.65	-0.79
344P	-0.74	-2.98	-3.72
344Q	-0.1	-0.2	-0.3
344R	-0.17	-0.84	-1.01
344S	-0.14	-0.62	-0.76
344T	-0.37	-1.23	-1.6
344V	-0.46	-1.65	-2.11
344W	-0.92	-2.6	-3.52
344Y	-0.81	-2.12	-2.93
344*	NA	-4.62	#VALUE!
345A	-0.12	-0.98	-1.1
345C	-0.64	-2.2	-2.84
345D	-0.12	-0.66	-0.78
345E	-0.09	-0.51	-0.6
345F	-0.58	-3.01	-3.59
345G	-0.35	-1.8	-2.15
345H	-0.26	-2.01	-2.27
345I	-0.42	-1.91	-2.33
345K	-0.07	-0.59	-0.66
345L	-0.25	-1.23	-1.48
345M	-0.37	-1.84	-2.21
345N	-0.21	-1.65	-1.86
345P	-0.06	-0.34	-0.4
345Q	-0.15	-1.91	-2.06
345R	-0.13	-1	-1.13
345S	-0.02	-0.16	-0.18
345T	0	0	0
345V	-0.28	-1.31	-1.59
345W	-0.62	-2.7	-3.32
345Y	-0.48	-2.47	-2.95
345*	NA	-4.59	#VALUE!
346A	-0.02	-0.27	-0.29
346C	-0.12	-0.45	-0.57
346D	0.01	-0.02	-0.01
346E	0	0.08	0.08
346F	-0.02	-0.31	-0.33
346G	-0.11	-0.74	-0.85
346H	0.08	0.03	0.11
346I	-0.01	-0.03	-0.04
346K	-0.01	0.12	0.11
346L	-0.04	-0.36	-0.4
346M	-0.02	-0.28	-0.3
346N	0.03	0.15	0.18
346P	-0.38	-1.34	-1.72
346Q	-0.01	-0.02	-0.03
346R	0	0	0
346S	0.04	0.02	0.06
346T	0.06	0.15	0.21
346V	0.06	0.01	0.07
346W	-0.06	-0.45	-0.51
346Y	0.07	-0.12	-0.05
346*	NA	-4.62	#VALUE!
347A	-0.87	-2.11	-2.98
347C	-1	-2.62	-3.62
347D	-3.13	-1.66	-4.79
347E	-1.47	-2.35	-3.82
347F	0	0	0
347G	-0.98	-1.93	-2.91
347H	-0.72	-0.87	-1.59
347I	-0.79	-2.15	-2.94
347K	-1.6	-2.15	-3.75
347L	-0.87	-2.24	-3.11
347M	-0.43	-1.48	-1.91
347N	-2.15	-0.6	-2.75
347P	-0.75	-1.97	-2.72
347Q	-1.04	-2.51	-3.55
347R	-1.17	-2.47	-3.64
347S	-0.89	-2.11	-3
347T	-1.08	-2.29	-3.37
347V	-0.72	-1.99	-2.71
347W	0	0.06	0.06
347Y	-0.32	-1.39	-1.71
347*	NA	-4.59	#VALUE!
348A	0	0	0
348C	-0.26	-1.16	-1.42
348D	-0.07	-0.4	-0.47
348E	-0.13	-0.64	-0.77
348F	-0.29	-1.16	-1.45
348G	-0.1	-0.55	-0.65
348H	0	-0.28	-0.28
348I	-0.99	-2.4	-3.39
348K	-0.23	-0.76	-0.99
348L	-0.63	-1.75	-2.38
348M	-0.3	-1.23	-1.53
348N	0	-0.11	-0.11
348P	-0.06	0.4	0.34
348Q	-0.12	-0.47	-0.59
348R	-0.24	-1.26	-1.5
348S	0.01	-0.17	-0.16
348T	-0.18	-1.19	-1.37
348V	-0.49	-1.5	-1.99
348W	-0.46	-1.49	-1.95
348Y	-0.1	-0.59	-0.69
348*	NA	-4.62	#VALUE!
349A	-0.34	-1.13	-1.47
349C	-0.12	-2.03	-2.15
349D	-0.5	-1.14	-1.64
349E	-1.15	-2.13	-3.28
349F	-2.03	-2.5	-4.53
349G	-0.59	-2.08	-2.67
349H	-0.72	-0.61	-1.33
349I	-4.25	-2.69	-6.94
349K	-0.87	-2.06	-2.93
349L	-1.91	-2.58	-4.49
349M	-0.87	-1.95	-2.82
349N	-0.26	-0.59	-0.85
349P	-0.11	-0.38	-0.49
349Q	-0.83	-1.79	-2.62
349R	-0.96	-2.4	-3.36
349S	0	0	0
349T	-0.76	-1.93	-2.69
349V	-1.92	-2.58	-4.5
349W	-1.9	-2.58	-4.48
349Y	-1.8	-2.48	-4.28
349*	NA	-4.61	#VALUE!
350A	-0.4	-1.47	-1.87
350C	-1.48	-1.1	-2.58
350D	-4.8	-2.21	-7.01
350E	-4.59	-2.5	-7.09
350F	-4.84	-2.09	-6.93
350G	-1.9	-2.81	-4.71
350H	-4.8	-2.39	-7.19
350I	-0.23	-1.88	-2.11
350K	-4.8	-2.47	-7.27
350L	-1.69	-2.46	-4.15
350M	-3.54	-2.54	-6.08
350N	-2.44	-2.51	-4.95
350P	-0.22	-1.08	-1.3
350Q	-4.1	-2.57	-6.67
350R	-4.8	-2.59	-7.39
350S	-0.94	-2.24	-3.18
350T	-0.8	-2.31	-3.11
350V	0	0	0
350W	-4.71	-2.6	-7.31
350Y	-4.14	-2.72	-6.86
350*	NA	-3.09	#VALUE!
351A	-0.87	-1.47	-2.34
351C	-0.6	-2.01	-2.61
351D	-2.72	-2.86	-5.58
351E	-1.5	-2.12	-3.62
351F	-0.08	-0.84	-0.92
351G	-1.65	-2.23	-3.88
351H	-0.27	-0.6	-0.87
351I	-0.79	-1.85	-2.64
351K	-2.5	-2.38	-4.88
351L	-0.92	-2.24	-3.16
351M	-0.58	-1.87	-2.45
351N	-0.77	-2.48	-3.25
351P	-0.81	-2.42	-3.23
351Q	-1.01	-1.93	-2.94
351R	-2.97	-2.64	-5.61
351S	-0.71	-1.73	-2.44
351T	-0.82	-1.4	-2.22
351V	-0.29	-1.29	-1.58
351W	-0.19	-0.65	-0.84
351Y	0	0	0
351*	NA	-4.6	#VALUE!
352A	0	0	0
352C	-0.11	-0.57	-0.68
352D	-0.03	-0.45	-0.48
352E	-0.03	-0.2	-0.23
352F	-0.29	-1.1	-1.39
352G	-0.19	-0.98	-1.17
352H	-0.06	-0.42	-0.48
352I	-0.49	-1.96	-2.45
352K	-0.08	-0.41	-0.49
352L	-0.31	-1.25	-1.56
352M	-0.02	-0.94	-0.96
352N	-0.04	-0.4	-0.44
352P	-3.21	-2.42	-5.63
352Q	-0.03	-0.6	-0.63
352R	-0.05	-0.49	-0.54
352S	-0.06	-0.26	-0.32
352T	-0.27	-1.24	-1.51
352V	-0.52	-1.79	-2.31
352W	-0.44	-1.35	-1.79
352Y	-0.14	-0.79	-0.93
352*	NA	-4.62	#VALUE!
353A	-1.34	-2.15	-3.49
353C	-1.22	-2.53	-3.75
353D	-2.39	-2.44	-4.83
353E	-1.83	-2.12	-3.95
353F	-0.08	-0.83	-0.91
353G	-2.17	-2.27	-4.44
353H	-0.95	-2.49	-3.44
353I	-2.65	-2.49	-5.14
353K	-2.46	-2.25	-4.71
353L	-2.15	-2.62	-4.77
353M	-1.68	-2.51	-4.19
353N	-2.68	-2.19	-4.87
353P	-0.62	-2.04	-2.66
353Q	-1.36	-2.42	-3.78
353R	-1.62	-2.52	-4.14
353S	-0.98	-2.02	-3
353T	-2.75	-2.13	-4.88
353V	-1.26	-2.47	-3.73
353W	0	0	0
353Y	-0.28	-1.58	-1.86
353*	NA	-4.62	#VALUE!
354A	-0.04	-0.45	-0.49
354C	-0.29	-1	-1.29
354D	-0.04	0.13	0.09
354E	0	0.64	0.64
354F	-0.57	-1.68	-2.25
354G	-0.06	-0.74	-0.8
354H	-0.07	-0.44	-0.51
354I	-0.39	-1.1	-1.49
354K	0.03	0.21	0.24
354L	-0.56	-1.47	-2.03
354M	-0.23	-0.91	-1.14
354N	0	0	0
354P	-0.9	-2.24	-3.14
354Q	0	0.52	0.52
354R	0.05	0.14	0.19
354S	0.04	0.17	0.21
354T	0.02	0.02	0.04
354V	-0.16	-0.58	-0.74
354W	-1.05	-1.66	-2.71
354Y	-0.38	-1.22	-1.6
354*	NA	-4.38	#VALUE!
355A	-1.54	-2.47	-4.01
355C	-1.88	-1.4	-3.28
355D	-3.89	-1.91	-5.8
355E	-1.27	-2.13	-3.4
355F	-3.01	-2.56	-5.57
355G	-2.15	-2.24	-4.39
355H	-0.38	-1.46	-1.84
355I	-3.34	-2.53	-5.87
355K	-1.08	-2.21	-3.29
355L	-4.33	-2.45	-6.78
355M	-2.1	-2.58	-4.68
355N	-1.38	-2.24	-3.62
355P	-3.41	-2.17	-5.58
355Q	-0.85	-2.13	-2.98
355R	0	0	0
355S	-0.68	-1.92	-2.6
355T	-0.64	-1.8	-2.44
355V	-2.38	-2.34	-4.72
355W	-1.98	-2.45	-4.43
355Y	-3	-2.62	-5.62
355*	NA	-4.62	#VALUE!
356A	-0.14	-0.34	-0.48
356C	-0.2	-0.53	-0.73
356D	-0.39	-0.41	-0.8
356E	-0.21	-0.74	-0.95
356F	-0.15	-1.31	-1.46
356G	-0.9	-2.11	-3.01
356H	-0.14	-0.36	-0.5
356I	-0.04	-0.11	-0.15
356K	0	0	0
356L	-0.07	-0.49	-0.56
356M	-0.02	-0.14	-0.16
356N	-0.28	-0.98	-1.26
356P	-4.2	-2.76	-6.96
356Q	-0.12	-0.13	-0.25
356R	0.03	0.21	0.24
356S	-0.15	-0.49	-0.64
356T	0.04	0.14	0.18
356V	0.01	0.04	0.05
356W	-0.42	-1.41	-1.83
356Y	-0.12	-0.85	-0.97
356*	NA	-4.59	#VALUE!
357A	-0.01	-0.16	-0.17
357C	-0.04	-0.48	-0.52
357D	-0.06	-0.47	-0.53
357E	0.01	-0.02	-0.01
357F	-0.14	-1.06	-1.2
357G	-0.42	-1.17	-1.59
357H	-0.08	0.04	-0.04
357I	-0.04	0.03	-0.01
357K	0.05	0.18	0.23
357L	-0.06	-0.33	-0.39
357M	-0.07	-0.52	-0.59
357N	-0.03	0.04	0.01
357P	-0.19	-0.63	-0.82
357Q	-0.05	0.01	-0.04
357R	0	0	0
357S	-0.06	-0.25	-0.31
357T	-0.07	-0.02	-0.09
357V	0.01	0.01	0.02
357W	-0.15	-0.82	-0.97
357Y	-0.06	-0.42	-0.48
357*	NA	-4.6	#VALUE!
358A	-0.7	-1.44	-2.14
358C	-0.41	-0.91	-1.32
358D	-1.81	-2.13	-3.94
358E	-1.08	-1.95	-3.03
358F	0.1	0.72	0.82
358G	-0.74	-1.75	-2.49
358H	-0.64	-1.06	-1.7
358I	0	0	0
358K	-1.25	-2.22	-3.47
358L	0	0.14	0.14
358M	-0.01	0.26	0.25
358N	-0.91	-2.04	-2.95
358P	-2.18	-2.16	-4.34
358Q	-0.93	-2.05	-2.98
358R	-1.3	-2.15	-3.45
358S	-0.78	-1.86	-2.64
358T	-0.83	-1.97	-2.8
358V	-0.14	-0.59	-0.73
358W	0.07	0.41	0.48
358Y	-0.01	0.1	0.09
358*	NA	-4.57	#VALUE!
359A	-0.02	0.04	0.02
359C	-0.05	-0.23	-0.28
359D	-0.01	-0.11	-0.12
359E	-0.13	0.01	-0.12
359F	-0.08	-0.24	-0.32
359G	-0.08	-0.13	-0.21
359H	-0.01	0.12	0.11
359I	-0.15	-0.58	-0.73
359K	-0.06	-0.09	-0.15
359L	-0.29	-1.03	-1.32
359M	-0.16	-0.17	-0.33
359N	0.04	-0.03	0.01
359P	-0.16	-0.47	-0.63
359Q	0.08	0.05	0.13
359R	-0.03	-0.08	-0.11
359S	0	0	0
359T	-0.02	0.18	0.16
359V	-0.07	-0.17	-0.24
359W	-0.1	-0.66	-0.76
359Y	-0.08	-0.21	-0.29
359*	NA	-4.58	#VALUE!
360A	-0.23	-1.09	-1.32
360C	-0.27	-0.96	-1.23
360D	-0.03	0.28	0.25
360E	-0.13	-0.33	-0.46
360F	-0.28	-0.29	-0.57
360G	-0.01	-0.03	-0.04
360H	-0.04	-0.06	-0.1
360I	-0.71	-1.83	-2.54
360K	-0.12	-0.47	-0.59
360L	-0.59	-1.02	-1.61
360M	-0.38	-0.98	-1.36
360N	0	0	0
360P	-0.04	-1.33	-1.37
360Q	-0.18	-0.7	-0.88
360R	-0.19	-0.53	-0.72
360S	-0.16	-0.57	-0.73
360T	-0.35	-1.16	-1.51
360V	-0.75	-1.78	-2.53
360W	-0.25	-0.73	-0.98
360Y	-0.33	-1.23	-1.56
360*	NA	-4.58	#VALUE!
361A	-0.59	-1.04	-1.63
361C	0	0	0
361D	-0.86	-0.65	-1.51
361E	-0.58	-0.93	-1.51
361F	-0.59	-1.07	-1.66
361G	-0.72	-1.35	-2.07
361H	-0.69	-1.39	-2.08
361I	-0.66	-1.04	-1.7
361K	-0.62	-1.07	-1.69
361L	-0.7	-1.23	-1.93
361M	-0.67	-1.31	-1.98
361N	-0.59	-0.96	-1.55
361P	-0.38	-0.36	-0.74
361Q	-0.57	-1.01	-1.58
361R	-0.66	-1.37	-2.03
361S	-0.61	-1.1	-1.71
361T	-0.61	-1.08	-1.69
361V	-0.58	-1.1	-1.68
361W	-0.7	-1.22	-1.92
361Y	-0.64	-1.71	-2.35
361*	NA	-4.52	#VALUE!
362A	-0.09	-0.41	-0.5
362C	-0.09	-0.11	-0.2
362D	-0.18	-0.31	-0.49
362E	-0.05	-0.14	-0.19
362F	-0.01	-0.03	-0.04
362G	-0.21	-0.7	-0.91
362H	-0.05	-0.02	-0.07
362I	0.04	-0.12	-0.08
362K	-0.02	0.07	0.05
362L	-0.03	-0.12	-0.15
362M	0.03	-0.18	-0.15
362N	-0.1	-0.26	-0.36
362P	-0.51	-1.08	-1.59
362Q	-0.03	0.05	0.02
362R	0	-0.03	-0.03
362S	-0.1	0.1	0
362T	0.08	0.33	0.41
362V	0	0	0
362W	0	0.03	0.03
362Y	0	0.26	0.26
362*	NA	-4.57	#VALUE!
363A	0	0	0
363C	-0.09	-0.23	-0.32
363D	-0.66	-3.22	-3.88
363E	-0.47	-1.38	-1.85
363F	-0.12	-0.22	-0.34
363G	-0.13	-0.37	-0.5
363H	-0.21	-0.86	-1.07
363I	-0.25	-0.96	-1.21
363K	-0.54	-1.6	-2.14
363L	-0.06	-0.32	-0.38
363M	-0.14	-0.43	-0.57
363N	-0.43	-2.44	-2.87
363P	-0.15	-0.45	-0.6
363Q	-0.02	-0.34	-0.36
363R	-0.56	-1.49	-2.05
363S	-0.19	-0.89	-1.08
363T	-0.18	-0.89	-1.07
363V	-0.13	-0.41	-0.54
363W	0.06	0.25	0.31
363Y	-0.17	-0.49	-0.66
363*	NA	-4.6	#VALUE!
364A	-0.62	-1.71	-2.33
364C	-0.46	-1.04	-1.5
364D	0	0	0
364E	-0.3	-1.2	-1.5
364F	-0.77	-3.02	-3.79
364G	-0.62	-1.75	-2.37
364H	-0.5	-2.68	-3.18
364I	-0.69	-3.18	-3.87
364K	-0.45	-1.35	-1.8
364L	-0.91	-2.77	-3.68
364M	-0.82	-4.07	-4.89
364N	-0.22	-1.42	-1.64
364P	-0.57	-2.54	-3.11
364Q	-0.46	-1.51	-1.97
364R	-0.58	-1.71	-2.29
364S	-0.39	-1.67	-2.06
364T	-0.57	-3.08	-3.65
364V	-0.64	-2.06	-2.7
364W	-0.62	-1.43	-2.05
364Y	-0.55	-2.67	-3.22
364*	NA	-4.54	#VALUE!
365A	-0.29	-0.57	-0.86
365C	-0.45	-0.9	-1.35
365D	-0.68	-1.63	-2.31
365E	-0.61	-1.37	-1.98
365F	0	0.48	0.48
365G	-0.37	-0.98	-1.35
365H	-0.55	-1.5	-2.05
365I	-0.05	0.03	-0.02
365K	-0.6	-1.5	-2.1
365L	0	0.3	0.3
365M	0.03	0.1	0.13
365N	-0.55	-1.56	-2.11
365P	-0.38	-1	-1.38
365Q	-0.6	-1.36	-1.96
365R	-0.61	-1.5	-2.11
365S	-0.42	-1.09	-1.51
365T	-0.33	-0.93	-1.26
365V	-0.11	0.01	-0.1
365W	-0.01	0.99	0.98
365Y	0	0	0
365*	NA	-4.58	#VALUE!
366A	-0.03	0.12	0.09
366C	-0.38	-1.1	-1.48
366D	0.05	0.22	0.27
366E	0.02	0.12	0.14
366F	-0.23	-0.63	-0.86
366G	0	-0.11	-0.11
366H	0.03	-0.53	-0.5
366I	-0.09	-0.41	-0.5
366K	0	-0.04	-0.04
366L	-0.08	-0.21	-0.29
366M	-0.02	-0.18	-0.2
366N	0.08	0.05	0.13
366P	-0.43	-0.87	-1.3
366Q	0.01	0.03	0.04
366R	-0.01	-0.1	-0.11
366S	0	0	0
366T	-0.01	0.04	0.03
366V	-0.05	-0.21	-0.26
366W	-0.12	-0.39	-0.51
366Y	-0.23	-1.29	-1.52
366*	NA	-4.59	#VALUE!
367A	0.11	0.46	0.57
367C	-0.09	-0.22	-0.31
367D	-0.05	0.11	0.06
367E	0.02	0.31	0.33
367F	0.07	0.74	0.81
367G	-0.04	0.03	-0.01
367H	0.02	0.08	0.1
367I	-0.03	0.12	0.09
367K	0.05	0.27	0.32
367L	0.02	0.15	0.17
367M	0.04	0.21	0.25
367N	0.02	0.08	0.1
367P	-0.02	-0.07	-0.09
367Q	0.02	0.28	0.3
367R	-0.04	0.1	0.06
367S	0.02	0.3	0.32
367T	-0.01	0.19	0.18
367V	0	0	0
367W	0.14	0.28	0.42
367Y	-0.02	0.01	-0.01
367*	NA	-4.6	#VALUE!
368A	-0.83	-1.77	-2.6
368C	-0.97	-1.87	-2.84
368D	-0.93	-1.69	-2.62
368E	-0.99	-2.22	-3.21
368F	-0.05	-0.22	-0.27
368G	-1.03	-1.04	-2.07
368H	-0.96	-1.98	-2.94
368I	-0.04	-0.17	-0.21
368K	-1.02	-1.91	-2.93
368L	0	0	0
368M	-0.16	-0.73	-0.89
368N	-0.99	-1.95	-2.94
368P	-0.96	-1.83	-2.79
368Q	-0.9	-1.99	-2.89
368R	-1.01	-2.12	-3.13
368S	-0.99	-2.03	-3.02
368T	-0.9	-2.01	-2.91
368V	-0.24	-0.78	-1.02
368W	-0.4	-1.05	-1.45
368Y	-0.48	-1.01	-1.49
368*	NA	-4.59	#VALUE!
369A	-0.01	0.14	0.13
369C	-0.1	-0.37	-0.47
369D	-0.17	-0.52	-0.69
369E	-0.11	0.12	0.01
369F	-0.08	0.2	0.12
369G	-0.09	-0.23	-0.32
369H	-0.07	-0.04	-0.11
369I	0.04	0.12	0.16
369K	-0.04	0.07	0.03
369L	0.05	0.31	0.36
369M	0.06	0.36	0.42
369N	-0.09	0.09	0
369P	-0.17	-0.37	-0.54
369Q	0.01	0.11	0.12
369R	-0.03	0.02	-0.01
369S	-0.03	0.05	0.02
369T	0.02	0.18	0.2
369V	0	0.21	0.21
369W	-0.05	0.08	0.03
369Y	0	0	0
369*	NA	-4.58	#VALUE!
370A	-0.1	-0.25	-0.35
370C	-0.48	-1.28	-1.76
370D	-0.04	-0.15	-0.19
370E	0	-0.19	-0.19
370F	-0.23	-1.08	-1.31
370G	-0.04	-0.01	-0.05
370H	-0.03	-0.13	-0.16
370I	-0.58	-1.76	-2.34
370K	-0.04	-0.04	-0.08
370L	-0.17	-0.73	-0.9
370M	-0.12	-0.63	-0.75
370N	0	0	0
370P	-0.12	-0.37	-0.49
370Q	0.02	-0.29	-0.27
370R	-0.05	-0.16	-0.21
370S	-0.02	-0.17	-0.19
370T	-0.02	-0.48	-0.5
370V	-0.45	-1.69	-2.14
370W	-0.27	-1.06	-1.33
370Y	-0.14	-0.81	-0.95
370*	NA	-4.55	#VALUE!
371A	-0.09	-0.39	-0.48
371C	-0.26	-0.47	-0.73
371D	0.01	-0.09	-0.08
371E	-0.05	-0.35	-0.4
371F	-0.19	-0.72	-0.91
371G	-0.1	-0.54	-0.64
371H	-0.12	-0.42	-0.54
371I	-0.17	-0.79	-0.96
371K	-0.13	-0.86	-0.99
371L	-0.14	-0.61	-0.75
371M	-0.14	-0.36	-0.5
371N	-0.05	-0.26	-0.31
371P	-0.16	-0.9	-1.06
371Q	-0.1	-0.29	-0.39
371R	-0.11	-0.34	-0.45
371S	0	0	0
371T	-0.03	-0.15	-0.18
371V	-0.18	-0.67	-0.85
371W	-0.11	-0.55	-0.66
371Y	-0.12	-0.39	-0.51
371*	NA	-4.58	#VALUE!
372A	0	0	0
372C	-0.18	-1.01	-1.19
372D	-0.1	-0.28	-0.38
372E	0.01	0.08	0.09
372F	-0.09	-0.51	-0.6
372G	0	-0.01	-0.01
372H	-0.13	-0.38	-0.51
372I	-0.13	-0.69	-0.82
372K	-0.05	0.25	0.2
372L	-0.17	-0.66	-0.83
372M	-0.04	-0.1	-0.14
372N	-0.2	-0.9	-1.1
372P	-0.14	-0.22	-0.36
372Q	-0.08	0.2	0.12
372R	0.03	0.05	0.08
372S	-0.19	-0.45	-0.64
372T	-0.16	-0.28	-0.44
372V	-0.12	-0.49	-0.61
372W	-0.1	-0.52	-0.62
372Y	-0.18	-0.87	-1.05
372*	NA	-4.59	#VALUE!
373A	-0.03	0.01	-0.02
373C	-0.07	-0.24	-0.31
373D	-0.04	-0.12	-0.16
373E	-0.01	0.09	0.08
373F	-0.02	-0.25	-0.27
373G	-0.01	-0.21	-0.22
373H	-0.01	0.03	0.02
373I	-0.02	-0.02	-0.04
373K	-0.04	0.35	0.31
373L	-0.02	-0.03	-0.05
373M	0.01	-0.06	-0.05
373N	-1.06	0.48	-0.58
373P	-0.08	-0.22	-0.3
373Q	0.05	0.12	0.17
373R	-0.01	0.05	0.04
373S	0	0	0
373T	0	0.05	0.05
373V	-0.07	-0.18	-0.25
373W	-0.04	-0.18	-0.22
373Y	-0.01	-0.06	-0.07
373*	NA	-4.61	#VALUE!
374A	-0.29	-0.98	-1.27
374C	-0.61	-1.43	-2.04
374D	-0.24	-0.55	-0.79
374E	-0.32	-1.24	-1.56
374F	0	0	0
374G	-0.24	-1.13	-1.37
374H	-0.24	-0.6	-0.84
374I	-0.15	-0.48	-0.63
374K	-0.28	-1.24	-1.52
374L	-0.25	-0.77	-1.02
374M	-0.22	-0.89	-1.11
374N	-0.92	-0.32	-1.24
374P	-0.33	-1.14	-1.47
374Q	-0.32	-0.87	-1.19
374R	-0.36	-1.36	-1.72
374S	-0.35	-1.1	-1.45
374T	-0.32	-0.87	-1.19
374V	-0.32	-0.85	-1.17
374W	-0.02	0.06	0.04
374Y	-0.06	-0.12	-0.18
374*	NA	-4.6	#VALUE!
375A	-0.13	-0.38	-0.51
375C	-0.5	-1.05	-1.55
375D	-0.04	-0.08	-0.12
375E	-0.11	-0.03	-0.14
375F	-0.55	-1.81	-2.36
375G	-0.2	-0.82	-1.02
375H	-0.13	-0.34	-0.47
375I	-0.69	-1.99	-2.68
375K	-0.23	-0.98	-1.21
375L	-0.6	-1.62	-2.22
375M	-0.44	-1.24	-1.68
375N	-0.13	-0.7	-0.83
375P	-0.4	-1.1	-1.5
375Q	-0.03	-0.36	-0.39
375R	-0.37	-1.15	-1.52
375S	0	0	0
375T	-0.06	-0.24	-0.3
375V	-0.55	-1.62	-2.17
375W	-0.53	-1.56	-2.09
375Y	-0.29	-1.07	-1.36
375*	NA	-4.57	#VALUE!
376A	-0.26	-1.1	-1.36
376C	-0.25	-0.84	-1.09
376D	-0.98	-0.84	-1.82
376E	-0.13	-0.52	-0.65
376F	-0.12	-0.57	-0.69
376G	-0.61	-1.76	-2.37
376H	-0.02	0.06	0.04
376I	-0.07	-0.3	-0.37
376K	-0.08	-0.61	-0.69
376L	-0.04	-0.18	-0.22
376M	-0.06	-0.15	-0.21
376N	-0.19	-0.7	-0.89
376P	-1.01	-2.63	-3.64
376Q	-0.01	-0.04	-0.05
376R	-0.12	-1.04	-1.16
376S	-0.07	-0.22	-0.29
376T	0	0	0
376V	-0.06	-0.21	-0.27
376W	-0.09	-0.37	-0.46
376Y	-0.09	-0.04	-0.13
376*	NA	-4.51	#VALUE!
377A	-0.59	-2.17	-2.76
377C	-0.4	-1.24	-1.64
377D	-4.01	-2.75	-6.76
377E	-2.12	-3.19	-5.31
377F	0	0	0
377G	-1.87	-2.93	-4.8
377H	-0.62	-2.62	-3.24
377I	-0.16	-0.57	-0.73
377K	-0.71	-2.42	-3.13
377L	-0.2	-0.8	-1
377M	-0.7	-0.58	-1.28
377N	-0.84	-2.42	-3.26
377P	-0.81	-2.18	-2.99
377Q	-1.37	-2.96	-4.33
377R	-0.64	-2.92	-3.56
377S	-0.83	-2.28	-3.11
377T	-0.44	-1.61	-2.05
377V	-0.15	-0.4	-0.55
377W	-0.07	-0.5	-0.57
377Y	-0.24	-1.37	-1.61
377*	NA	-4.61	#VALUE!
378A	-0.1	-0.41	-0.51
378C	-0.14	-0.71	-0.85
378D	-0.03	-0.29	-0.32
378E	-0.04	-0.09	-0.13
378F	-0.5	-1.57	-2.07
378G	-0.89	-2.48	-3.37
378H	-0.17	-0.68	-0.85
378I	-0.11	-0.35	-0.46
378K	0	0	0
378L	-0.06	-0.51	-0.57
378M	-0.13	-0.65	-0.78
378N	-0.02	-0.26	-0.28
378P	-4.02	-2.77	-6.79
378Q	-0.01	-0.11	-0.12
378R	0.08	0.16	0.24
378S	-0.11	-0.52	-0.63
378T	-0.16	-0.51	-0.67
378V	-0.09	-0.42	-0.51
378W	-0.6	-1.96	-2.56
378Y	-0.42	-1.31	-1.73
378*	NA	-4.53	#VALUE!
379A	-1.44	-3.03	-4.47
379C	0	0	0
379D	-4.79	-2.87	-7.66
379E	-4.06	-3.02	-7.08
379F	-0.65	-2.56	-3.21
379G	-4.51	-2.96	-7.47
379H	-2.5	-2.96	-5.46
379I	-1.24	-2.81	-4.05
379K	-4.7	-3.02	-7.72
379L	-0.97	-2.61	-3.58
379M	-0.97	-2.85	-3.82
379N	-3.32	-2.95	-6.27
379P	-3.66	-2.87	-6.53
379Q	-2.98	-2.85	-5.83
379R	-4.12	-2.97	-7.09
379S	-1.61	-2.94	-4.55
379T	-0.9	-2.93	-3.83
379V	-0.84	-2.56	-3.4
379W	-0.46	-1.85	-2.31
379Y	-1.05	-2.95	-4
379*	NA	-4.56	#VALUE!
380A	-1.9	-2.81	-4.71
380C	-1.37	-2.64	-4.01
380D	-3.05	-2.84	-5.89
380E	-1.8	-2.88	-4.68
380F	-0.04	-0.45	-0.49
380G	-4.12	-2.78	-6.9
380H	-0.53	-1.86	-2.39
380I	-0.73	-2.27	-3
380K	-1.53	-2.79	-4.32
380L	-1.53	-2.69	-4.22
380M	-1.07	-2.74	-3.81
380N	-1.49	-2.8	-4.29
380P	-4.8	-2.81	-7.61
380Q	-1.42	-2.61	-4.03
380R	-1.34	-2.84	-4.18
380S	-1.17	-2.65	-3.82
380T	-0.77	-2.46	-3.23
380V	-0.95	-2.57	-3.52
380W	-0.08	-0.24	-0.32
380Y	0	0	0
380*	NA	-4.57	#VALUE!
381A	-0.52	-1.65	-2.17
381C	-0.7	-1.99	-2.69
381D	-0.55	-1.82	-2.37
381E	-0.54	-1.97	-2.51
381F	-0.81	-2.32	-3.13
381G	0	0	0
381H	-0.15	-0.77	-0.92
381I	-0.86	-2.34	-3.2
381K	-0.07	-0.45	-0.52
381L	-0.65	-2.04	-2.69
381M	-0.58	-1.78	-2.36
381N	-0.02	-0.03	-0.05
381P	-0.97	-2.39	-3.36
381Q	-0.12	-0.85	-0.97
381R	-0.03	-0.23	-0.26
381S	-0.27	-1	-1.27
381T	-0.53	-1.76	-2.29
381V	-0.7	-2.09	-2.79
381W	-0.87	-2.38	-3.25
381Y	-0.79	-2.35	-3.14
381*	NA	-4.55	#VALUE!
382A	-0.26	-1.39	-1.65
382C	-0.06	-0.44	-0.5
382D	-0.62	-2.28	-2.9
382E	-0.52	-1.79	-2.31
382F	-0.01	-0.11	-0.12
382G	-0.68	-2.29	-2.97
382H	-0.32	-1.73	-2.05
382I	0	-0.07	-0.07
382K	-0.52	-2	-2.52
382L	-0.05	-0.25	-0.3
382M	-0.14	-0.48	-0.62
382N	-0.56	-2.03	-2.59
382P	-0.42	-1.8	-2.22
382Q	-0.56	-2.09	-2.65
382R	-0.86	-2.21	-3.07
382S	-0.55	-1.92	-2.47
382T	-0.11	-0.9	-1.01
382V	0	0	0
382W	-0.35	-1.39	-1.74
382Y	-0.14	-0.82	-0.96
382*	NA	-4.37	#VALUE!
383A	-0.01	-0.11	-0.12
383C	-0.14	-0.39	-0.53
383D	0.02	0.36	0.38
383E	0.09	0.19	0.28
383F	-0.14	-1.06	-1.2
383G	-0.13	-1.03	-1.16
383H	-0.08	-0.09	-0.17
383I	0.05	-0.16	-0.11
383K	0.01	-0.09	-0.08
383L	-0.07	-0.23	-0.3
383M	-0.04	-0.47	-0.51
383N	0	0.22	0.22
383P	-0.08	-0.31	-0.39
383Q	-0.05	0.07	0.02
383R	-0.06	-0.58	-0.64
383S	0	0	0
383T	0.06	-0.06	0
383V	-0.01	-0.07	-0.08
383W	-0.2	-1.14	-1.34
383Y	-0.07	-0.91	-0.98
383*	NA	-4.35	#VALUE!
384A	0.01	0.03	0.04
384C	-0.16	-1.47	-1.63
384D	-0.14	-1.48	-1.62
384E	-0.02	-0.1	-0.12
384F	0.02	-0.43	-0.41
384G	-0.17	-0.6	-0.77
384H	-0.03	-0.29	-0.32
384I	0.02	-0.07	-0.05
384K	0.04	0.18	0.22
384L	0.01	-0.03	-0.02
384M	-0.02	0.06	0.04
384N	-0.18	-0.55	-0.73
384P	0	0	0
384Q	0.03	-0.1	-0.07
384R	0.03	-0.02	0.01
384S	-0.09	-0.38	-0.47
384T	-0.05	-0.35	-0.4
384V	0.03	-0.11	-0.08
384W	0.03	-0.11	-0.08
384Y	-0.06	-0.39	-0.45
384*	NA	-4.56	#VALUE!
385A	0	-0.03	-0.03
385C	-0.26	-0.43	-0.69
385D	-0.01	0.21	0.2
385E	0.06	0.28	0.34
385F	-0.01	-0.15	-0.16
385G	-0.02	-0.09	-0.11
385H	0.01	-0.02	-0.01
385I	-0.04	-0.27	-0.31
385K	-0.04	0.07	0.03
385L	-0.01	-0.05	-0.06
385M	0.01	-0.08	-0.07
385N	0.01	0.03	0.04
385P	-0.04	-0.6	-0.64
385Q	0.03	0.03	0.06
385R	0.19	-0.02	0.17
385S	-0.01	0	-0.01
385T	0	0	0
385V	-0.04	-0.4	-0.44
385W	-0.03	-0.21	-0.24
385Y	0	-0.02	-0.02
385*	NA	-4.54	#VALUE!
386A	-0.03	0.05	0.02
386C	-0.18	-0.43	-0.61
386D	-0.06	0.15	0.09
386E	0.02	0.18	0.2
386F	-0.22	-1.06	-1.28
386G	-0.06	-0.21	-0.27
386H	0.01	-0.12	-0.11
386I	-0.08	-0.43	-0.51
386K	0	0	0
386L	-0.07	-0.4	-0.47
386M	-0.05	-0.14	-0.19
386N	0.04	-0.13	-0.09
386P	-0.54	-1.77	-2.31
386Q	0.01	0.09	0.1
386R	-0.06	-0.13	-0.19
386S	0.04	-0.04	0
386T	-0.01	-0.1	-0.11
386V	-0.08	-0.44	-0.52
386W	-0.42	-1.5	-1.92
386Y	-0.13	-0.75	-0.88
386*	NA	-4.57	#VALUE!
387A	-0.51	-1.85	-2.36
387C	-0.64	-1.77	-2.41
387D	-0.54	-1.83	-2.37
387E	-0.52	-1.79	-2.31
387F	-0.31	-1.11	-1.42
387G	-0.56	-1.88	-2.44
387H	-0.66	-1.94	-2.6
387I	-0.17	-0.58	-0.75
387K	-0.66	-1.95	-2.61
387L	0	0	0
387M	-0.13	-0.83	-0.96
387N	-0.58	-1.92	-2.5
387P	-0.64	-1.91	-2.55
387Q	-0.53	-1.55	-2.08
387R	-0.7	-2.06	-2.76
387S	-0.59	-1.84	-2.43
387T	-0.56	-1.8	-2.36
387V	-0.43	-1.4	-1.83
387W	-0.26	-1.33	-1.59
387Y	-0.57	-1.99	-2.56
387*	NA	-4.57	#VALUE!
388A	-0.07	-0.38	-0.45
388C	-0.33	-1.17	-1.5
388D	0.03	-0.12	-0.09
388E	-0.09	-0.37	-0.46
388F	-0.38	-1.27	-1.65
388G	-0.06	-0.43	-0.49
388H	-0.09	-0.28	-0.37
388I	-0.29	-1.05	-1.34
388K	-0.14	-0.26	-0.4
388L	-0.27	-0.94	-1.21
388M	-0.07	-0.51	-0.58
388N	0	0	0
388P	-0.04	-0.15	-0.19
388Q	-0.05	-0.18	-0.23
388R	-0.07	-0.49	-0.56
388S	-0.08	-0.27	-0.35
388T	-0.14	-0.52	-0.66
388V	-0.16	-0.81	-0.97
388W	-0.34	-1.33	-1.67
388Y	-0.32	-1.27	-1.59
388*	NA	-4.39	#VALUE!
389A	-0.1	-0.54	-0.64
389C	-0.16	-0.7	-0.86
389D	0	0	0
389E	0.03	0.11	0.14
389F	-0.12	-0.69	-0.81
389G	-0.05	-0.33	-0.38
389H	-0.03	-0.17	-0.2
389I	-0.4	-1.7	-2.1
389K	-0.07	-0.32	-0.39
389L	-0.2	-1	-1.2
389M	-0.15	-0.61	-0.76
389N	-0.05	-0.21	-0.26
389P	-0.46	-1.32	-1.78
389Q	-0.02	-0.04	-0.06
389R	-0.08	-0.35	-0.43
389S	0.04	-0.07	-0.03
389T	-0.02	-0.12	-0.14
389V	-0.29	-1.18	-1.47
389W	-0.25	-0.77	-1.02
389Y	-0.04	-0.5	-0.54
389*	NA	-4.58	#VALUE!
390A	-0.05	-0.4	-0.45
390C	-0.07	-0.43	-0.5
390D	-0.27	-1	-1.27
390E	-0.04	-0.54	-0.58
390F	-0.04	-0.36	-0.4
390G	-0.09	-0.55	-0.64
390H	-0.06	-0.29	-0.35
390I	-0.06	-0.32	-0.38
390K	-0.06	-0.5	-0.56
390L	0	0	0
390M	0.02	0.03	0.05
390N	-0.09	-0.58	-0.67
390P	-0.43	-1.25	-1.68
390Q	-0.07	-0.16	-0.23
390R	-0.08	-0.59	-0.67
390S	-0.12	-0.41	-0.53
390T	-0.12	-0.33	-0.45
390V	-0.1	-0.42	-0.52
390W	-0.16	-0.8	-0.96
390Y	0.01	0.2	0.21
390*	NA	-4.6	#VALUE!
391A	-0.08	-0.12	-0.2
391C	0	0	0
391D	-0.12	-0.16	-0.28
391E	-0.07	-0.01	-0.08
391F	-0.16	-0.56	-0.72
391G	-0.15	-0.57	-0.72
391H	-0.05	-0.14	-0.19
391I	-0.13	-0.3	-0.43
391K	-0.06	-0.03	-0.09
391L	-0.12	-0.39	-0.51
391M	-0.12	-0.32	-0.44
391N	-0.07	0.2	0.13
391P	-0.07	-0.28	-0.35
391Q	-0.02	-0.01	-0.03
391R	-0.07	-0.07	-0.14
391S	-0.09	-0.15	-0.24
391T	-0.08	-0.14	-0.22
391V	-0.09	-0.13	-0.22
391W	-0.17	-0.59	-0.76
391Y	-0.13	-0.47	-0.6
391*	NA	-4.56	#VALUE!
392A	-0.02	0.02	0
392C	-0.04	-0.15	-0.19
392D	-0.32	-1.42	-1.74
392E	-0.36	-1.48	-1.84
392F	0	0	0
392G	-0.27	-1.01	-1.28
392H	-0.11	-0.72	-0.83
392I	-0.05	-0.07	-0.12
392K	-0.34	-1.34	-1.68
392L	-0.08	-0.23	-0.31
392M	-0.08	-0.12	-0.2
392N	-0.21	-0.97	-1.18
392P	-0.03	-0.34	-0.37
392Q	-0.23	-1.07	-1.3
392R	-0.4	-1.39	-1.79
392S	-0.11	-0.51	-0.62
392T	-0.01	-0.13	-0.14
392V	0	0.01	0.01
392W	0.02	0.26	0.28
392Y	0.02	-0.04	-0.02
392*	NA	-4.58	#VALUE!
393A	0.03	-0.11	-0.08
393C	-0.14	-0.66	-0.8
393D	-0.06	-0.27	-0.33
393E	-0.02	-0.28	-0.3
393F	-0.21	-1.27	-1.48
393G	-0.11	-0.31	-0.42
393H	-0.07	-0.3	-0.37
393I	-0.09	-0.47	-0.56
393K	-0.03	-0.01	-0.04
393L	-0.13	-0.56	-0.69
393M	-0.14	-0.75	-0.89
393N	-0.03	-0.16	-0.19
393P	-0.16	-1.37	-1.53
393Q	-0.05	-0.08	-0.13
393R	-0.05	-0.18	-0.23
393S	0	-0.05	-0.05
393T	0	0	0
393V	-0.08	-0.28	-0.36
393W	-0.37	-1.49	-1.86
393Y	-0.09	-0.43	-0.52
393*	NA	-4.56	#VALUE!
394A	0.01	-0.01	0
394C	-0.1	-0.17	-0.27
394D	-0.08	-0.4	-0.48
394E	-0.02	-0.06	-0.08
394F	-0.07	-0.26	-0.33
394G	-0.08	-0.42	-0.5
394H	0	-0.02	-0.02
394I	-0.13	-0.43	-0.56
394K	-0.1	-0.37	-0.47
394L	-0.12	-0.48	-0.6
394M	-0.05	-0.37	-0.42
394N	0	0	0
394P	-0.08	-0.48	-0.56
394Q	-0.06	-0.29	-0.35
394R	-0.08	-0.42	-0.5
394S	0.01	-0.07	-0.06
394T	-0.04	0.03	-0.01
394V	-0.06	-0.17	-0.23
394W	-0.08	-0.42	-0.5
394Y	-0.02	-0.12	-0.14
394*	NA	-4.58	#VALUE!
395A	-0.16	-0.35	-0.51
395C	-0.03	-0.23	-0.26
395D	-3.52	-2.54	-6.06
395E	-1.02	-2.55	-3.57
395F	-0.19	-1.09	-1.28
395G	-0.18	-0.56	-0.74
395H	-0.59	-2.45	-3.04
395I	0	0.06	0.06
395K	-0.9	-2.48	-3.38
395L	-0.03	-0.18	-0.21
395M	0.04	-0.26	-0.22
395N	-1.02	-2.71	-3.73
395P	-2.03	-2.84	-4.87
395Q	-0.51	-2.03	-2.54
395R	-0.55	-1.53	-2.08
395S	-0.51	-1.77	-2.28
395T	-0.36	-1.09	-1.45
395V	0	0	0
395W	-0.57	-2.26	-2.83
395Y	-0.53	-2.63	-3.16
395*	NA	-4.58	#VALUE!
396A	-0.38	-1.5	-1.88
396C	-0.23	-0.98	-1.21
396D	-0.3	-1.29	-1.59
396E	-0.52	-1.78	-2.3
396F	-0.02	-0.23	-0.25
396G	-1.08	-2.44	-3.52
396H	-0.29	-0.82	-1.11
396I	-0.05	-0.24	-0.29
396K	-0.51	-1.53	-2.04
396L	-0.12	-0.43	-0.55
396M	-0.1	-0.6	-0.7
396N	-0.07	-0.31	-0.38
396P	-4.8	-2.52	-7.32
396Q	-0.24	-0.98	-1.22
396R	-0.59	-1.81	-2.4
396S	-0.38	-0.95	-1.33
396T	-0.02	-0.12	-0.14
396V	-0.06	-0.28	-0.34
396W	-0.03	-0.18	-0.21
396Y	0	0	0
396*	NA	-4.51	#VALUE!
397A	0	0	0
397C	-0.13	-0.4	-0.53
397D	-4.36	-2.9	-7.26
397E	NA	NA	#VALUE!
397F	-0.47	-1.51	-1.98
397G	-1.07	-2.58	-3.65
397H	-1.52	-2.75	-4.27
397I	-0.29	-0.57	-0.86
397K	NA	NA	#VALUE!
397L	-0.06	-0.07	-0.13
397M	NA	NA	#VALUE!
397N	-4.48	-2.27	-6.75
397P	-3.95	-2.76	-6.71
397Q	NA	NA	#VALUE!
397R	-2.52	-2.68	-5.2
397S	-0.7	-2.18	-2.88
397T	-0.47	-1.55	-2.02
397V	-0.15	-0.45	-0.6
397W	NA	NA	#VALUE!
397Y	-0.67	-2.19	-2.86
397*	NA	NA	#VALUE!
398A	-4.34	-2.5	-6.84
398C	-4.53	-0.98	-5.51
398D	0	0	0
398E	-1.59	-2.63	-4.22
398F	-1.72	-2.54	-4.26
398G	-4.76	-2.66	-7.42
398H	-0.85	-1.69	-2.54
398I	-3.38	-2.6	-5.98
398K	-4.8	-2.76	-7.56
398L	-4.79	-2.58	-7.37
398M	-1.39	-2.47	-3.86
398N	-3.46	-2.68	-6.14
398P	-4.54	-2.83	-7.37
398Q	-4.47	-2.58	-7.05
398R	-4.8	-2.69	-7.49
398S	-2.08	-2.33	-4.41
398T	-1.23	-2.43	-3.66
398V	-2.08	-2.45	-4.53
398W	-2.88	-2.31	-5.19
398Y	-1.09	-2.06	-3.15
398*	NA	-4.59	#VALUE!
399A	-0.37	-1.71	-2.08
399C	-0.83	-1.92	-2.75
399D	-1.33	-2.65	-3.98
399E	-1.49	-2.29	-3.78
399F	-0.45	-1.82	-2.27
399G	-0.92	-2.55	-3.47
399H	-2	-2.43	-4.43
399I	-1.5	-2.44	-3.94
399K	-0.97	-2.61	-3.58
399L	-0.87	-2.28	-3.15
399M	-0.35	-1.57	-1.92
399N	-0.39	-2.36	-2.75
399P	-3.93	-2.85	-6.78
399Q	-0.49	-1.98	-2.47
399R	-0.62	-1.99	-2.61
399S	0	0	0
399T	-0.1	-0.47	-0.57
399V	-1.26	-2.42	-3.68
399W	-0.52	-1.98	-2.5
399Y	-0.3	-0.8	-1.1
399*	NA	-4.56	#VALUE!
400A	-3.59	-2.7	-6.29
400C	-4.61	-2.79	-7.4
400D	-4.8	-2.59	-7.39
400E	-4.34	-2.54	-6.88
400F	0	0	0
400G	-4.8	-2.69	-7.49
400H	-3.84	-2.83	-6.67
400I	-4.8	-2.72	-7.52
400K	-4.72	-2.67	-7.39
400L	-1.61	-2.71	-4.32
400M	-0.66	-1.72	-2.38
400N	-4.8	-2.8	-7.6
400P	-4.78	-2.42	-7.2
400Q	-4.38	-2.82	-7.2
400R	-4.8	-2.87	-7.67
400S	-4.8	-2.73	-7.53
400T	-4.8	-2.85	-7.65
400V	-4.5	-2.81	-7.31
400W	-4.77	-2.83	-7.6
400Y	-0.9	-2.5	-3.4
400*	NA	-4.6	#VALUE!
401A	-0.66	-2.02	-2.68
401C	-0.77	-1.78	-2.55
401D	-4.37	-2.67	-7.04
401E	-4.13	-2.54	-6.67
401F	-3.38	-3.03	-6.41
401G	-4.32	-2.81	-7.13
401H	-4.63	-2.77	-7.4
401I	-0.26	-0.41	-0.67
401K	-4.76	-2.75	-7.51
401L	-0.33	-1.57	-1.9
401M	-0.64	-2.19	-2.83
401N	-4.03	-2.84	-6.87
401P	-4.8	-2.89	-7.69
401Q	-3.35	-2.31	-5.66
401R	-4.8	-2.88	-7.68
401S	-1.75	-2.68	-4.43
401T	-0.37	-1.22	-1.59
401V	0	0	0
401W	-4.69	-2.48	-7.17
401Y	-4.8	-2.75	-7.55
401*	NA	-4.58	#VALUE!
402A	-0.96	-2.29	-3.25
402C	-0.18	-0.89	-1.07
402D	-4.67	-2.64	-7.31
402E	-3.37	-2.71	-6.08
402F	-4.8	-2.8	-7.6
402G	-4.8	-2.75	-7.55
402H	-4.42	-2.84	-7.26
402I	0	0	0
402K	-4.71	-2.78	-7.49
402L	-0.05	-0.41	-0.46
402M	-0.91	-2.29	-3.2
402N	-4.69	-2.79	-7.48
402P	-4.65	-2.83	-7.48
402Q	-4.36	-2.82	-7.18
402R	-3.42	-2.76	-6.18
402S	-2.26	-2.68	-4.94
402T	-0.55	-1.99	-2.54
402V	0.01	0.1	0.11
402W	-2.35	-2.65	-5
402Y	-4.53	-2.81	-7.34
402*	NA	-4.56	#VALUE!
403A	-1.06	-0.22	-1.28
403C	-1.51	-1.69	-3.2
403D	-2.21	-2.3	-4.51
403E	-2.11	-1.31	-3.42
403F	-3.49	-1.61	-5.1
403G	-1.7	-1.14	-2.84
403H	-2.19	-1.8	-3.99
403I	-1.73	-1.84	-3.57
403K	-0.06	-0.29	-0.35
403L	-1.4	-1.63	-3.03
403M	-0.55	-0.51	-1.06
403N	-1.47	-0.44	-1.91
403P	-1.25	-1.44	-2.69
403Q	-0.72	-0.8	-1.52
403R	0	0	0
403S	-0.84	-0.22	-1.06
403T	-0.69	-0.99	-1.68
403V	-2.03	-2.24	-4.27
403W	-2.82	-2.06	-4.88
403Y	-2.34	-1.55	-3.89
403*	NA	-4.55	#VALUE!
404A	-0.93	-0.74	-1.67
404C	-1.17	-1.71	-2.88
404D	-2.46	-1.56	-4.02
404E	-1.28	-1.69	-2.97
404F	-1.97	-1.9	-3.87
404G	0	0	0
404H	-0.93	-1.16	-2.09
404I	-2.78	-2.67	-5.45
404K	-1.02	-0.97	-1.99
404L	-2.29	-2.3	-4.59
404M	-1.36	-1.69	-3.05
404N	-1.47	-1.65	-3.12
404P	-4.8	-2.74	-7.54
404Q	-1.02	-0.94	-1.96
404R	-1.29	-1.66	-2.95
404S	-1.02	-1.12	-2.14
404T	-2.47	-2.59	-5.06
404V	-2.56	-2.49	-5.05
404W	-3.07	-2.76	-5.83
404Y	-1.39	-2.1	-3.49
404*	NA	-4.15	#VALUE!
405A	-0.07	-0.71	-0.78
405C	-0.28	-0.76	-1.04
405D	0	0	0
405E	-0.25	-0.47	-0.72
405F	-0.02	-0.92	-0.94
405G	-0.33	-1.11	-1.44
405H	-0.15	-2.83	-2.98
405I	-0.93	-1	-1.93
405K	-0.2	-0.36	-0.56
405L	-0.42	-0.93	-1.35
405M	-0.08	-1.01	-1.09
405N	-0.1	-0.47	-0.57
405P	-1.45	-2.56	-4.01
405Q	-0.03	-1.21	-1.24
405R	-0.11	-0.65	-0.76
405S	0.01	-0.37	-0.36
405T	-0.36	-0.58	-0.94
405V	-0.6	-1.14	-1.74
405W	-0.49	-1.71	-2.2
405Y	-0.28	-0.86	-1.14
405*	NA	-3.74	#VALUE!
406A	-0.38	-2.17	-2.55
406C	-0.83	-2.75	-3.58
406D	-0.07	-0.53	-0.6
406E	0	0	0
406F	-0.9	-2.11	-3.01
406G	-0.59	-2.49	-3.08
406H	0	0.07	0.07
406I	-2.12	-2.72	-4.84
406K	-0.96	-2.34	-3.3
406L	-1.4	-2.51	-3.91
406M	-0.44	-1.2	-1.64
406N	-0.56	-2.58	-3.14
406P	-4.42	-2.68	-7.1
406Q	0.07	0.04	0.11
406R	-2.01	-2.67	-4.68
406S	-0.53	-2.54	-3.07
406T	-0.68	-2.39	-3.07
406V	-0.6	-2.41	-3.01
406W	-0.57	-0.25	-0.82
406Y	-0.78	-2.35	-3.13
406*	NA	-4.56	#VALUE!
407A	-0.86	-2.22	-3.08
407C	-0.67	-2.12	-2.79
407D	-4.8	-2.8	-7.6
407E	-1.66	-2.54	-4.2
407F	-1.09	-2.62	-3.71
407G	-2.63	-2.76	-5.39
407H	-3.09	-2.73	-5.82
407I	-0.1	-0.32	-0.42
407K	-1.15	-2.51	-3.66
407L	-0.03	-0.06	-0.09
407M	-0.33	-1.16	-1.49
407N	-4.44	-2.51	-6.95
407P	-4.3	-2.81	-7.11
407Q	-0.67	-1.99	-2.66
407R	-0.76	-2.17	-2.93
407S	-1.54	-2.5	-4.04
407T	-0.56	-1.85	-2.41
407V	0	0	0
407W	-1.78	-2.65	-4.43
407Y	-1.48	-2.74	-4.22
407*	NA	-4.53	#VALUE!
408A	-0.06	0.12	0.06
408C	-0.09	-0.06	-0.15
408D	-0.1	0.53	0.43
408E	-0.16	0.27	0.11
408F	-0.11	-0.48	-0.59
408G	-0.08	0.09	0.01
408H	-0.06	0.02	-0.04
408I	-0.09	-0.46	-0.55
408K	0	0.06	0.06
408L	-0.21	-0.54	-0.75
408M	-0.1	-0.48	-0.58
408N	-0.06	-0.13	-0.19
408P	-0.06	0.15	0.09
408Q	-0.07	0.29	0.22
408R	0	0	0
408S	-0.06	0.21	0.15
408T	-0.11	-0.06	-0.17
408V	-0.14	0.04	-0.1
408W	-0.1	-0.56	-0.66
408Y	-0.14	-0.22	-0.36
408*	NA	-3.49	#VALUE!
409A	-0.92	-2.33	-3.25
409C	-0.43	-1.36	-1.79
409D	-0.33	-2.21	-2.54
409E	-0.15	-0.25	-0.4
409F	-0.72	-1.85	-2.57
409G	-1	-2.44	-3.44
409H	-0.67	-1.27	-1.94
409I	-1.86	-2.92	-4.78
409K	-0.65	-1.25	-1.9
409L	-0.75	-1.71	-2.46
409M	-0.54	-1.48	-2.02
409N	-0.65	-0.83	-1.48
409P	-4.63	-2.85	-7.48
409Q	0	0	0
409R	-0.78	-1.71	-2.49
409S	-0.57	-1.33	-1.9
409T	-0.67	-2.01	-2.68
409V	-1.06	-2.66	-3.72
409W	-0.9	-2.52	-3.42
409Y	-0.45	-1.86	-2.31
409*	NA	-4.2	#VALUE!
410A	-4.62	-2.82	-7.44
410C	-1.14	-2.69	-3.83
410D	-3.39	-2.94	-6.33
410E	-4.8	-2.7	-7.5
410F	-3.27	-2.69	-5.96
410G	-4.57	-2.81	-7.38
410H	-4.55	-2.89	-7.44
410I	0	0	0
410K	-4.74	-2.76	-7.5
410L	-0.36	-1.45	-1.81
410M	-0.72	-2.28	-3
410N	-3.6	-2.66	-6.26
410P	-3.49	-2.54	-6.03
410Q	-4.21	-2.83	-7.04
410R	-4.8	-2.84	-7.64
410S	-4.8	-2.65	-7.45
410T	-4.48	-2.76	-7.24
410V	-0.11	-0.6	-0.71
410W	-4.79	-2.79	-7.58
410Y	-4.18	-2.68	-6.86
410*	NA	-4.52	#VALUE!
411A	0	0	0
411C	-0.4	-1.58	-1.98
411D	-0.69	-2.02	-2.71
411E	-0.09	-0.79	-0.88
411F	-0.81	-2.35	-3.16
411G	-0.1	-0.78	-0.88
411H	-0.55	-2.03	-2.58
411I	-0.72	-2.23	-2.95
411K	-0.33	-1.32	-1.65
411L	-0.73	-2.3	-3.03
411M	-0.29	-1.62	-1.91
411N	-0.57	-2.18	-2.75
411P	-4.5	-2.77	-7.27
411Q	-0.08	-0.54	-0.62
411R	-0.18	-0.98	-1.16
411S	-0.14	-0.73	-0.87
411T	-0.52	-1.59	-2.11
411V	-0.4	-1.54	-1.94
411W	-0.3	-1.16	-1.46
411Y	-0.93	-2.33	-3.26
411*	NA	-4.55	#VALUE!
412A	-1.07	-2.64	-3.71
412C	-2.35	-2.69	-5.04
412D	-3.12	-2.74	-5.86
412E	-2.2	-2.55	-4.75
412F	-3.87	-2.86	-6.73
412G	-1.6	-2.63	-4.23
412H	-2.32	-2.73	-5.05
412I	-0.92	-2.62	-3.54
412K	-0.95	-2.5	-3.45
412L	-1.15	-2.63	-3.78
412M	-1.32	-2.79	-4.11
412N	-3.32	-2.68	-6
412P	0	0	0
412Q	-1.57	-2.56	-4.13
412R	-1.5	-2.73	-4.23
412S	-1.5	-2.58	-4.08
412T	-1.05	-2.49	-3.54
412V	-0.66	-2.36	-3.02
412W	-4.37	-2.78	-7.15
412Y	-4.47	-2.87	-7.34
412*	NA	-4.58	#VALUE!
413A	-0.16	-0.54	-0.7
413C	-0.06	-0.36	-0.42
413D	-0.3	-1.29	-1.59
413E	-0.2	-1.23	-1.43
413F	-0.03	-0.27	-0.3
413G	0	0	0
413H	-0.06	-0.4	-0.46
413I	-0.6	-1.75	-2.35
413K	-0.13	-0.15	-0.28
413L	-0.12	-0.39	-0.51
413M	-0.07	-0.21	-0.28
413N	-0.15	0.05	-0.1
413P	-4.65	-2.72	-7.37
413Q	-0.12	-0.36	-0.48
413R	-0.08	-0.13	-0.21
413S	-0.11	-0.73	-0.84
413T	-0.47	-1.28	-1.75
413V	-0.59	-1.74	-2.33
413W	-0.41	-1.89	-2.3
413Y	-0.07	-0.28	-0.35
413*	NA	-4.56	#VALUE!
414A	0.16	0.3	0.46
414C	-0.16	-0.48	-0.64
414D	-0.88	-2.38	-3.26
414E	-0.06	-0.22	-0.28
414F	-0.53	-1.71	-2.24
414G	-0.01	-0.03	-0.04
414H	-0.18	-1.11	-1.29
414I	-0.1	-0.81	-0.91
414K	-0.04	-0.46	-0.5
414L	-0.26	-1.17	-1.43
414M	0.04	-0.06	-0.02
414N	-0.36	-1.55	-1.91
414P	-1.01	-2.49	-3.5
414Q	0	0	0
414R	-0.04	-0.53	-0.57
414S	0	-0.05	-0.05
414T	0.01	-0.12	-0.11
414V	0.01	-0.35	-0.34
414W	-0.8	-1.93	-2.73
414Y	-0.41	-1.29	-1.7
414*	NA	-4.56	#VALUE!
415A	-0.04	-0.33	-0.37
415C	-0.3	-1.15	-1.45
415D	-0.21	-0.76	-0.97
415E	-0.13	-0.5	-0.63
415F	-0.12	-1.07	-1.19
415G	-0.02	-0.61	-0.63
415H	0.05	0.13	0.18
415I	-0.1	-0.61	-0.71
415K	0	-0.09	-0.09
415L	-0.27	-1.12	-1.39
415M	-0.09	-0.56	-0.65
415N	-0.02	-0.29	-0.31
415P	-0.29	-1.01	-1.3
415Q	-0.06	-0.1	-0.16
415R	0.05	0.02	0.07
415S	0.01	-0.03	-0.02
415T	0	0	0
415V	-0.09	-0.29	-0.38
415W	-0.25	-1.5	-1.75
415Y	-0.09	-0.86	-0.95
415*	NA	-4.57	#VALUE!
416A	-1.31	-1.88	-3.19
416C	-2.36	-2.16	-4.52
416D	-1.47	-2.47	-3.94
416E	-2.01	-2.64	-4.65
416F	-4.05	-1.88	-5.93
416G	0	0	0
416H	-1.56	-2.12	-3.68
416I	-4.79	-1.8	-6.59
416K	-2.22	-2.51	-4.73
416L	-3.2	-1.89	-5.09
416M	-2.03	-2.12	-4.15
416N	-1.27	-2.41	-3.68
416P	-4.4	-2.68	-7.08
416Q	-1.93	-2.51	-4.44
416R	-2.89	-2.75	-5.64
416S	-1.11	-2.28	-3.39
416T	-2.02	-2.11	-4.13
416V	-4.6	-1.91	-6.51
416W	-3.21	-2.16	-5.37
416Y	-2.74	-2.06	-4.8
416*	NA	-4.54	#VALUE!
417A	-0.35	0.03	-0.32
417C	-0.42	-0.05	-0.47
417D	-1.04	-0.33	-1.37
417E	-0.75	-0.25	-1
417F	-0.13	-0.11	-0.24
417G	-0.51	-0.27	-0.78
417H	-0.17	0.1	-0.07
417I	-0.34	0.39	0.05
417K	0	0	0
417L	-0.31	0.17	-0.14
417M	-0.39	0.06	-0.33
417N	-0.45	0.1	-0.35
417P	-0.35	0	-0.35
417Q	-0.62	-0.05	-0.67
417R	-0.17	0.08	-0.09
417S	-0.46	-0.05	-0.51
417T	-0.26	0.25	-0.01
417V	-0.32	0.65	0.33
417W	-0.31	-0.28	-0.59
417Y	-0.08	0.07	-0.01
417*	NA	-4.58	#VALUE!
418A	-1.46	-2.77	-4.23
418C	-1.05	-2.5	-3.55
418D	-4.8	-2.65	-7.45
418E	-4.8	-2.7	-7.5
418F	-2.66	-2.42	-5.08
418G	-4.55	-2.64	-7.19
418H	-4.76	-2.7	-7.46
418I	0	0	0
418K	-4.64	-2.68	-7.32
418L	-0.73	-2	-2.73
418M	-0.76	-2.23	-2.99
418N	-4.79	-2.72	-7.51
418P	-4.73	-2.8	-7.53
418Q	-1.82	-2.76	-4.58
418R	-4.76	-2.74	-7.5
418S	-3.48	-2.7	-6.18
418T	-0.85	-2.42	-3.27
418V	-0.17	-0.59	-0.76
418W	-4.44	-2.76	-7.2
418Y	-4.57	-2.77	-7.34
418*	NA	-4.61	#VALUE!
419A	0	0	0
419C	-0.27	-1.29	-1.56
419D	-3.23	-2.53	-5.76
419E	-3.75	-2.58	-6.33
419F	-1.07	-2.64	-3.71
419G	-0.8	-1.88	-2.68
419H	-0.77	-2.25	-3.02
419I	-0.73	-2.28	-3.01
419K	-2.04	-2.51	-4.55
419L	-2.28	-2.65	-4.93
419M	-1.11	-2.41	-3.52
419N	-0.91	-2.1	-3.01
419P	-0.22	-0.81	-1.03
419Q	-1.15	-2.08	-3.23
419R	-1.14	-2.51	-3.65
419S	-0.1	-0.68	-0.78
419T	-0.23	-1.21	-1.44
419V	-0.49	-1.64	-2.13
419W	-2.69	-2.84	-5.53
419Y	-0.86	-2.41	-3.27
419*	NA	-4.56	#VALUE!
420A	-0.11	-0.79	-0.9
420C	-0.27	-1.01	-1.28
420D	0	0	0
420E	-0.13	-0.44	-0.57
420F	-0.32	-1.42	-1.74
420G	-0.56	-1.77	-2.33
420H	-0.29	-1.46	-1.75
420I	-0.66	-2.04	-2.7
420K	-0.05	-0.6	-0.65
420L	-0.18	-1.18	-1.36
420M	-0.14	-0.72	-0.86
420N	-0.02	-0.33	-0.35
420P	-4.55	-2.99	-7.54
420Q	-0.01	-0.18	-0.19
420R	-0.05	-0.61	-0.66
420S	-0.11	-0.53	-0.64
420T	-0.26	-1.18	-1.44
420V	-0.67	-2.05	-2.72
420W	-0.3	-1.19	-1.49
420Y	-0.3	-1.4	-1.7
420*	NA	-4.57	#VALUE!
421A	-0.68	-1.75	-2.43
421C	-0.43	-1.32	-1.75
421D	-1.72	-2.4	-4.12
421E	-2.08	-2.23	-4.31
421F	-0.02	-0.05	-0.07
421G	-0.72	-2.19	-2.91
421H	-0.6	-1.11	-1.71
421I	-0.47	-1.28	-1.75
421K	-0.52	-1.54	-2.06
421L	-0.14	-0.64	-0.78
421M	-0.39	-0.98	-1.37
421N	-0.18	-1.16	-1.34
421P	-4.76	-2.57	-7.33
421Q	-0.76	-2	-2.76
421R	-0.63	-2.02	-2.65
421S	-0.76	-1.87	-2.63
421T	-1.18	-2.2	-3.38
421V	-0.63	-1.78	-2.41
421W	-0.61	-0.72	-1.33
421Y	0	0	0
421*	NA	-4.56	#VALUE!
422A	-1.36	-2.46	-3.82
422C	-2.45	-2.31	-4.76
422D	-2.64	-2.37	-5.01
422E	-4.8	-2.52	-7.32
422F	-4.8	-2.64	-7.44
422G	-2.48	-2.56	-5.04
422H	-4.8	-2.56	-7.36
422I	-4.77	-2.46	-7.23
422K	-4.73	-2.67	-7.4
422L	-4.8	-2.54	-7.34
422M	-4.34	-2.64	-6.98
422N	0	0	0
422P	-4.59	-2.65	-7.24
422Q	-3.9	-2.51	-6.41
422R	-4.77	-2.58	-7.35
422S	-0.75	-1.91	-2.66
422T	-4.53	-2.49	-7.02
422V	-4.8	-2.53	-7.33
422W	-4.8	-2.24	-7.04
422Y	-4.62	-2.43	-7.05
422*	NA	-4.58	#VALUE!
423A	-4.8	-2.68	-7.48
423C	-4.57	-2.6	-7.17
423D	-4.7	-2.61	-7.31
423E	-4.53	-2.73	-7.26
423F	-0.58	-1.85	-2.43
423G	-4.72	-2.78	-7.5
423H	-4.26	-2.76	-7.02
423I	-2.16	-2.64	-4.8
423K	-4.7	-2.77	-7.47
423L	-3.11	-2.59	-5.7
423M	-2.77	-2.67	-5.44
423N	-4.77	-2.65	-7.42
423P	-4.78	-2.75	-7.53
423Q	-4.44	-2.74	-7.18
423R	-4.79	-2.84	-7.63
423S	-4.79	-2.76	-7.55
423T	-4.75	-2.81	-7.56
423V	-4.43	-2.7	-7.13
423W	-4.52	-2.76	-7.28
423Y	0	0	0
423*	NA	-4.56	#VALUE!
424A	-0.21	-1.45	-1.66
424C	-0.52	-1.64	-2.16
424D	-1.75	-2.74	-4.49
424E	-2.56	-2.68	-5.24
424F	-0.9	-2.7	-3.6
424G	-0.75	-2.48	-3.23
424H	-0.08	-0.65	-0.73
424I	-2.03	-2.58	-4.61
424K	0	0	0
424L	-1.11	-2.59	-3.7
424M	-0.68	-2.23	-2.91
424N	-0.3	-1.58	-1.88
424P	-1.77	-2.87	-4.64
424Q	-0.56	-2.07	-2.63
424R	-0.07	-0.63	-0.7
424S	-0.77	-1.87	-2.64
424T	-4.8	-2.05	-6.85
424V	-0.89	-2.37	-3.26
424W	-4.31	-2.82	-7.13
424Y	-0.82	-2.46	-3.28
424*	NA	-4.57	#VALUE!
425A	-3.04	-2.8	-5.84
425C	-0.74	-2.28	-3.02
425D	-4.8	-2.74	-7.54
425E	-4.8	-2.86	-7.66
425F	-1.38	-2.67	-4.05
425G	-4.75	-2.84	-7.59
425H	-4.8	-2.86	-7.66
425I	-0.04	-0.28	-0.32
425K	-4.8	-2.84	-7.64
425L	0	0	0
425M	-0.18	-0.97	-1.15
425N	-4.14	-2.84	-6.98
425P	-3.46	-2.73	-6.19
425Q	-4.79	-2.84	-7.63
425R	-4.6	-2.86	-7.46
425S	-4.52	-2.82	-7.34
425T	-0.83	-2.5	-3.33
425V	-0.04	-0.28	-0.32
425W	-4.8	-2.72	-7.52
425Y	-4.63	-2.84	-7.47
425*	NA	-4.58	#VALUE!
426A	-0.18	-1.61	-1.79
426C	-0.7	-2.34	-3.04
426D	-0.48	-1.89	-2.37
426E	-0.79	-2.31	-3.1
426F	-1.6	-2.9	-4.5
426G	-0.29	-1.29	-1.58
426H	-0.68	-2.33	-3.01
426I	-1.75	-2.84	-4.59
426K	-0.58	-2.07	-2.65
426L	-1.38	-2.87	-4.25
426M	-0.93	-2.87	-3.8
426N	-0.37	-1.46	-1.83
426P	0	0	0
426Q	-0.78	-2.36	-3.14
426R	-0.63	-2.33	-2.96
426S	-0.22	-1.43	-1.65
426T	-0.57	-1.95	-2.52
426V	-1.1	-2.73	-3.83
426W	-1.77	-2.89	-4.66
426Y	-1.58	-2.87	-4.45
426*	NA	-4.56	#VALUE!
427A	0.04	-0.37	-0.33
427C	-0.27	-1.01	-1.28
427D	0	0	0
427E	0.02	-0.27	-0.25
427F	-0.13	-0.73	-0.86
427G	-0.05	-0.71	-0.76
427H	0	-0.42	-0.42
427I	-0.06	-0.38	-0.44
427K	-0.04	-0.24	-0.28
427L	0	-0.17	-0.17
427M	-0.04	-0.48	-0.52
427N	0	-0.24	-0.24
427P	-0.03	-0.31	-0.34
427Q	-0.35	-0.39	-0.74
427R	-0.02	-0.32	-0.34
427S	-0.06	-0.34	-0.4
427T	-0.08	-0.33	-0.41
427V	-0.03	-0.63	-0.66
427W	-0.13	-0.89	-1.02
427Y	-0.09	-0.85	-0.94
427*	NA	-4.58	#VALUE!
428A	-0.13	-0.86	-0.99
428C	-0.38	-1.47	-1.85
428D	0	0	0
428E	-0.06	-0.37	-0.43
428F	-0.31	-1.64	-1.95
428G	-0.12	-0.85	-0.97
428H	-0.07	-0.6	-0.67
428I	-0.26	-1.33	-1.59
428K	-0.04	-0.47	-0.51
428L	-0.28	-1.27	-1.55
428M	-0.21	-1.39	-1.6
428N	0.01	0.18	0.19
428P	-0.09	-0.95	-1.04
428Q	-0.12	-0.73	-0.85
428R	-0.12	-0.69	-0.81
428S	-0.08	-0.52	-0.6
428T	-0.07	-0.39	-0.46
428V	-0.21	-1.07	-1.28
428W	-0.24	-1.51	-1.75
428Y	-0.18	-1.01	-1.19
428*	NA	-4.56	#VALUE!
429A	-3.83	-2.86	-6.69
429C	-3.17	-2.85	-6.02
429D	-4.77	-2.93	-7.7
429E	-4.73	-2.88	-7.61
429F	0	0	0
429G	-4.8	-2.84	-7.64
429H	-0.86	-2.87	-3.73
429I	-0.9	-2.47	-3.37
429K	-4.64	-2.89	-7.53
429L	-0.69	-2.17	-2.86
429M	-0.73	-2.15	-2.88
429N	-4.74	-2.93	-7.67
429P	-4.47	-2.93	-7.4
429Q	-4.41	-2.91	-7.32
429R	-4.49	-2.92	-7.41
429S	-4.79	-2.9	-7.69
429T	-3.32	-2.89	-6.21
429V	-0.93	-2.61	-3.54
429W	-0.11	-0.29	-0.4
429Y	-0.54	-1.89	-2.43
429*	NA	-4.56	#VALUE!
430A	-0.17	-0.91	-1.08
430C	0	-0.06	-0.06
430D	-0.56	-1.97	-2.53
430E	-0.42	-1.19	-1.61
430F	0.03	0.02	0.05
430G	-0.68	-2.25	-2.93
430H	-0.02	-0.35	-0.37
430I	0.03	0.07	0.1
430K	0.03	-0.21	-0.18
430L	0.01	-0.03	-0.02
430M	0.03	-0.01	0.02
430N	-0.12	-0.87	-0.99
430P	-2.11	-2.86	-4.97
430Q	-0.07	-0.38	-0.45
430R	0	-0.14	-0.14
430S	-0.15	-0.97	-1.12
430T	0	0	0
430V	-0.06	0.16	0.1
430W	-0.18	-0.82	-1
430Y	0	-0.06	-0.06
430*	NA	-4.57	#VALUE!
431A	-4.8	-2.75	-7.55
431C	-2.77	-2.65	-5.42
431D	-4.72	-2.94	-7.66
431E	-4.8	-2.96	-7.76
431F	-4.7	-2.5	-7.2
431G	0	0	0
431H	-4.8	-2.86	-7.66
431I	-4.8	-2.47	-7.27
431K	-4.8	-2.92	-7.72
431L	-4.56	-2.62	-7.18
431M	-4.61	-2.7	-7.31
431N	-4.69	-2.93	-7.62
431P	-4.8	-2.91	-7.71
431Q	-4.67	-2.91	-7.58
431R	-4.79	-2.95	-7.74
431S	-4.46	-2.95	-7.41
431T	-4.6	-2.86	-7.46
431V	-4.71	-2.61	-7.32
431W	-4.8	-2.79	-7.59
431Y	-4.56	-2.65	-7.21
431*	NA	-4.55	#VALUE!
432A	-1.88	-3.01	-4.89
432C	0	0	0
432D	-4.71	-3.14	-7.85
432E	-3.87	-2.94	-6.81
432F	-0.89	-2.38	-3.27
432G	-4.8	-3.15	-7.95
432H	-4.55	-3.11	-7.66
432I	-0.47	-1.54	-2.01
432K	-3.88	-3.12	-7
432L	-0.73	-2.13	-2.86
432M	-0.77	-2.28	-3.05
432N	-4.29	-3.11	-7.4
432P	-4.63	-3.11	-7.74
432Q	-4.8	-3.01	-7.81
432R	-4.8	-3.19	-7.99
432S	-4.5	-3.17	-7.67
432T	-4.45	-3.01	-7.46
432V	-0.72	-2.35	-3.07
432W	-1.51	-2.8	-4.31
432Y	-2.42	-2.89	-5.31
432*	NA	-4.57	#VALUE!
433A	-1.58	-2.96	-4.54
433C	-1.77	-2.48	-4.25
433D	-4.77	-3.1	-7.87
433E	-4.52	-3.05	-7.57
433F	-4.62	-2.85	-7.47
433G	-4.78	-3.07	-7.85
433H	-4.77	-3.14	-7.91
433I	-0.12	-0.73	-0.85
433K	-4.79	-3.15	-7.94
433L	-1.56	-2.66	-4.22
433M	-1.33	-2.76	-4.09
433N	-4.57	-3.2	-7.77
433P	-4.8	-3.28	-8.08
433Q	-4.8	-3.11	-7.91
433R	-4.48	-3.12	-7.6
433S	-4.36	-3.12	-7.48
433T	-0.71	-2.69	-3.4
433V	0	0	0
433W	-4.74	-2.9	-7.64
433Y	-4.48	-2.91	-7.39
433*	NA	-4.57	#VALUE!
434A	-0.3	-1.95	-2.25
434C	-0.22	-1.2	-1.42
434D	-3.68	-3.11	-6.79
434E	-4.66	-3.09	-7.75
434F	0.03	0.16	0.19
434G	-0.93	-2.73	-3.66
434H	-0.6	-2.93	-3.53
434I	0	0	0
434K	-2.18	-3.04	-5.22
434L	-0.05	-0.21	-0.26
434M	-0.08	-0.26	-0.34
434N	-2.93	-3.15	-6.08
434P	-4.45	-3.03	-7.48
434Q	-1.13	-3.13	-4.26
434R	-4.23	-3.13	-7.36
434S	-0.69	-2.69	-3.38
434T	-0.36	-1.76	-2.12
434V	-0.07	-0.27	-0.34
434W	-0.04	-0.36	-0.4
434Y	-0.01	-0.51	-0.52
434*	NA	-4.56	#VALUE!
435A	0	0	0
435C	-0.63	-1.74	-2.37
435D	-3.23	-2.91	-6.14
435E	-3.36	-2.81	-6.17
435F	-0.89	-2.14	-3.03
435G	-0.36	-1.55	-1.91
435H	-0.94	-2.64	-3.58
435I	-0.75	-2.12	-2.87
435K	-1.97	-2.78	-4.75
435L	-1.53	-2.52	-4.05
435M	-0.67	-1.73	-2.4
435N	-1.13	-2.84	-3.97
435P	-4.18	-3.01	-7.19
435Q	-1.23	-2.57	-3.8
435R	-2.76	-2.82	-5.58
435S	-0.07	-0.36	-0.43
435T	-0.17	-0.73	-0.9
435V	-0.61	-1.74	-2.35
435W	-0.52	-1.49	-2.01
435Y	-0.5	-1.74	-2.24
435*	NA	-4.57	#VALUE!
436A	-0.75	-2.7	-3.45
436C	-1	-2.42	-3.42
436D	-2.86	-2.97	-5.83
436E	-1.37	-2.79	-4.16
436F	-0.39	-1.38	-1.77
436G	-1.29	-2.86	-4.15
436H	-0.89	-2.76	-3.65
436I	-0.76	-2.29	-3.05
436K	-0.67	-2.46	-3.13
436L	-0.78	-2.37	-3.15
436M	-0.56	-1.8	-2.36
436N	-1.49	-2.7	-4.19
436P	-4.59	-2.88	-7.47
436Q	-0.66	-2.33	-2.99
436R	-0.62	-2.36	-2.98
436S	-0.66	-2.48	-3.14
436T	-0.72	-2.31	-3.03
436V	-0.85	-2.37	-3.22
436W	0	0	0
436Y	-0.49	-1.82	-2.31
436*	NA	-4.56	#VALUE!
437A	-0.55	-1.41	-1.96
437C	-0.42	-1.13	-1.55
437D	-1.48	-1.71	-3.19
437E	-0.96	-1.18	-2.14
437F	-4.24	-2.45	-6.69
437G	-0.56	-1.65	-2.21
437H	-1.89	-2.08	-3.97
437I	-2.21	-2.23	-4.44
437K	-0.78	-1.31	-2.09
437L	-2.15	-2.04	-4.19
437M	-1.62	-2.02	-3.64
437N	0	0	0
437P	-0.36	-0.8	-1.16
437Q	-0.75	-1.5	-2.25
437R	-0.75	-1.53	-2.28
437S	-0.51	-1.57	-2.08
437T	-1.23	-2.11	-3.34
437V	-1.46	-2.08	-3.54
437W	-2.96	-2.24	-5.2
437Y	-3.62	-2.34	-5.96
437*	NA	-4.56	#VALUE!
438A	-0.01	-0.24	-0.25
438C	-0.38	-1.62	-2
438D	-2.26	-2.08	-4.34
438E	-2.21	-1.53	-3.74
438F	-2.79	-2.15	-4.94
438G	-0.65	-1.21	-1.86
438H	-2.44	-2.08	-4.52
438I	-2.39	-1.92	-4.31
438K	-2.39	-2.46	-4.85
438L	-3.43	-2.21	-5.64
438M	-1.42	-2.3	-3.72
438N	-1.41	-2.37	-3.78
438P	-4.61	-2.19	-6.8
438Q	-1.39	-2.26	-3.65
438R	-1.27	-2.81	-4.08
438S	0	0	0
438T	-0.1	-0.68	-0.78
438V	-0.76	-1.71	-2.47
438W	-2.99	-1.85	-4.84
438Y	-2.56	-1.85	-4.41
438*	NA	-4.36	#VALUE!
439A	-0.17	-1.54	-1.71
439C	-0.12	-0.28	-0.4
439D	-1.15	-0.8	-1.95
439E	-2.66	-0.61	-3.27
439F	-1.14	-2.08	-3.22
439G	-0.5	-0.8	-1.3
439H	-0.75	-0.36	-1.11
439I	-0.25	-1.22	-1.47
439K	0.04	-0.35	-0.31
439L	-0.06	-0.73	-0.79
439M	-0.25	-0.23	-0.48
439N	0	0	0
439P	-2.39	-0.82	-3.21
439Q	-0.45	-0.02	-0.47
439R	-0.03	-1.06	-1.09
439S	-1.22	-0.39	-1.61
439T	-1.08	-0.4	-1.48
439V	-0.04	-0.44	-0.48
439W	-0.58	-1.57	-2.15
439Y	-1.2	-0.36	-1.56
439*	NA	-3.24	#VALUE!
440A	0.01	-0.01	0
440C	-0.15	-0.57	-0.72
440D	-0.02	0.07	0.05
440E	-0.04	0.23	0.19
440F	-0.03	-0.71	-0.74
440G	-0.01	-0.05	-0.06
440H	0.02	-0.07	-0.05
440I	-0.09	-0.24	-0.33
440K	0.07	-0.12	-0.05
440L	-0.07	-0.13	-0.2
440M	0	-0.24	-0.24
440N	0	0	0
440P	-0.05	-0.62	-0.67
440Q	-0.08	-0.2	-0.28
440R	-0.03	-0.25	-0.28
440S	0.04	-0.07	-0.03
440T	-0.02	-0.1	-0.12
440V	-0.02	-0.4	-0.42
440W	-0.11	-1.08	-1.19
440Y	-0.07	-0.36	-0.43
440*	NA	-4.55	#VALUE!
441A	-0.11	-0.19	-0.3
441C	-0.18	-1.44	-1.62
441D	-0.03	-0.26	-0.29
441E	-0.03	-0.06	-0.09
441F	-0.07	-0.35	-0.42
441G	-0.32	-1.64	-1.96
441H	-0.12	-0.48	-0.6
441I	0.02	0.25	0.27
441K	-0.01	-0.18	-0.19
441L	0	0	0
441M	-0.03	0.06	0.03
441N	-0.33	0.01	-0.32
441P	-0.48	-1.12	-1.6
441Q	-0.03	0.21	0.18
441R	-0.13	-0.89	-1.02
441S	-0.63	-0.33	-0.96
441T	-0.88	-0.4	-1.28
441V	0.03	0.15	0.18
441W	-0.05	-0.37	-0.42
441Y	-0.14	-0.5	-0.64
441*	NA	-3.55	#VALUE!
442A	-2.8	-2.36	-5.16
442C	-2.61	-2.62	-5.23
442D	0	0	0
442E	-1.23	-1.31	-2.54
442F	-2.7	-2.67	-5.37
442G	-3.7	-2.22	-5.92
442H	-2.59	-2.31	-4.9
442I	-0.65	-2.17	-2.82
442K	-4.22	-2.37	-6.59
442L	-1.48	-2.08	-3.56
442M	-2.41	-2.27	-4.68
442N	-2.8	-2.16	-4.96
442P	-4.67	-2.31	-6.98
442Q	-4.14	-2.31	-6.45
442R	-4.11	-2.42	-6.53
442S	-2.64	-2.04	-4.68
442T	-2.42	-1.61	-4.03
442V	-1.42	-2.24	-3.66
442W	-4.8	-2.53	-7.33
442Y	-2.48	-2.3	-4.78
442*	NA	-4.53	#VALUE!
443A	-0.27	-0.07	-0.34
443C	-1.36	-0.36	-1.72
443D	-2.06	-1.26	-3.32
443E	-2.52	-1.37	-3.89
443F	-2.29	-1.21	-3.5
443G	-0.57	-0.18	-0.75
443H	-1.97	-1.25	-3.22
443I	-2.37	-1.17	-3.54
443K	-2.12	-1.42	-3.54
443L	-2.37	-1.17	-3.54
443M	-2.16	-1.01	-3.17
443N	-2.18	-0.19	-2.37
443P	-2.46	-1.79	-4.25
443Q	-2.14	-0.95	-3.09
443R	-2.18	-1.71	-3.89
443S	0	0	0
443T	-1.14	-0.37	-1.51
443V	-1.97	-0.72	-2.69
443W	-2.39	-1.81	-4.2
443Y	-2.17	-0.95	-3.12
443*	NA	-4.57	#VALUE!
444A	-0.01	-0.02	-0.03
444C	-0.14	-0.22	-0.36
444D	-0.18	-0.08	-0.26
444E	-0.07	0.01	-0.06
444F	-0.13	-0.34	-0.47
444G	-0.76	-0.14	-0.9
444H	-0.05	-0.31	-0.36
444I	-0.1	-0.32	-0.42
444K	0	0	0
444L	-0.1	-0.22	-0.32
444M	-0.04	-0.24	-0.28
444N	-0.12	-0.19	-0.31
444P	-1.14	-0.65	-1.79
444Q	0.01	-0.09	-0.08
444R	-0.06	-0.09	-0.15
444S	-0.09	-0.01	-0.1
444T	-0.03	0.07	0.04
444V	-0.1	-0.19	-0.29
444W	-0.05	-0.28	-0.33
444Y	-0.08	-0.39	-0.47
444*	NA	-4.56	#VALUE!
445A	-0.04	-0.08	-0.12
445C	-0.8	-0.35	-1.15
445D	-0.16	0.1	-0.06
445E	-0.18	0.06	-0.12
445F	-0.1	-0.24	-0.34
445G	-0.29	-0.15	-0.44
445H	-0.02	-0.13	-0.15
445I	-0.01	-0.04	-0.05
445K	0.02	0.03	0.05
445L	-0.03	-0.15	-0.18
445M	-0.14	-0.08	-0.22
445N	-0.06	0.03	-0.03
445P	0.03	0.05	0.08
445Q	-0.04	-0.05	-0.09
445R	-0.01	-0.26	-0.27
445S	-0.1	-0.12	-0.22
445T	-0.02	-0.09	-0.11
445V	0	0	0
445W	-0.03	-0.36	-0.39
445Y	-0.14	-0.24	-0.38
445*	NA	-4.58	#VALUE!
446A	-0.26	-0.26	-0.52
446C	-0.97	-0.96	-1.93
446D	-0.2	-0.1	-0.3
446E	-0.12	-0.12	-0.24
446F	-0.31	-0.49	-0.8
446G	0	0	0
446H	-0.28	-0.22	-0.5
446I	-0.26	-0.62	-0.88
446K	-0.09	-0.47	-0.56
446L	-0.28	-0.6	-0.88
446M	-0.23	-0.48	-0.71
446N	-0.11	-0.16	-0.27
446P	-0.26	-0.56	-0.82
446Q	-0.17	-0.46	-0.63
446R	-0.16	-0.4	-0.56
446S	-0.2	-0.4	-0.6
446T	-0.19	-0.35	-0.54
446V	-0.27	-0.48	-0.75
446W	-0.2	-0.72	-0.92
446Y	-0.34	-0.69	-1.03
446*	NA	-4.55	#VALUE!
447A	-1.18	-0.28	-1.46
447C	-1.78	-0.43	-2.21
447D	-1.76	-0.19	-1.95
447E	-1.63	-0.2	-1.83
447F	-1.68	-0.65	-2.33
447G	0	0	0
447H	-1.87	-0.23	-2.1
447I	-1.55	-0.5	-2.05
447K	-1.54	-0.29	-1.83
447L	-1.54	-0.44	-1.98
447M	-1.53	-0.44	-1.97
447N	-1.47	-0.43	-1.9
447P	-1.81	-0.59	-2.4
447Q	-1.59	-0.38	-1.97
447R	-1.57	-0.64	-2.21
447S	-1.24	-0.18	-1.42
447T	-1.4	-0.23	-1.63
447V	-1.52	-0.44	-1.96
447W	-1.74	-1.94	-3.68
447Y	-1.59	-0.65	-2.24
447*	NA	-4.59	#VALUE!
448A	-0.56	-0.66	-1.22
448C	-0.91	-0.88	-1.79
448D	-0.67	-0.28	-0.95
448E	-0.39	-0.1	-0.49
448F	-1.15	-1.26	-2.41
448G	-0.91	-0.11	-1.02
448H	-0.88	-0.41	-1.29
448I	-1.42	-1.68	-3.1
448K	-1.18	-0.68	-1.86
448L	-1.29	-1.54	-2.83
448M	-0.77	-0.8	-1.57
448N	0	0	0
448P	-1.65	-0.64	-2.29
448Q	-0.42	-0.32	-0.74
448R	-1.05	-0.59	-1.64
448S	-0.89	-0.16	-1.05
448T	-0.77	-0.25	-1.02
448V	-0.87	-0.78	-1.65
448W	-1.31	-1.55	-2.86
448Y	-0.68	-0.88	-1.56
448*	NA	-4.55	#VALUE!
449A	-1.3	0.05	-1.25
449C	-1.73	-0.17	-1.9
449D	-1.55	0.29	-1.26
449E	-1.57	0.12	-1.45
449F	-1.08	-0.03	-1.11
449G	-1.28	0.06	-1.22
449H	-1.22	0.12	-1.1
449I	-1.44	-0.21	-1.65
449K	-0.98	-0.03	-1.01
449L	-1.51	-0.3	-1.81
449M	-1.37	-0.04	-1.41
449N	-1.22	0.07	-1.15
449P	-1.41	0.07	-1.34
449Q	-1.22	0.18	-1.04
449R	-0.69	-0.02	-0.71
449S	-1.25	0.12	-1.13
449T	-1.16	0.09	-1.07
449V	-1.36	-0.1	-1.46
449W	-1.43	-0.23	-1.66
449Y	0	0	0
449*	NA	-4.55	#VALUE!
450A	0	-0.11	-0.11
450C	-0.33	-0.77	-1.1
450D	-0.02	0.04	0.02
450E	-0.11	0.15	0.04
450F	-0.26	-0.58	-0.84
450G	-0.05	-0.1	-0.15
450H	-0.08	-0.1	-0.18
450I	-0.18	-0.43	-0.61
450K	0.04	-0.01	0.03
450L	-0.14	-0.39	-0.53
450M	-0.02	-0.29	-0.31
450N	0	0	0
450P	-1.56	-0.14	-1.7
450Q	0.02	0.04	0.06
450R	-0.06	-0.13	-0.19
450S	-0.07	-0.02	-0.09
450T	-1.11	0.08	-1.03
450V	-0.18	-0.33	-0.51
450W	-0.16	-0.61	-0.77
450Y	-0.13	-0.43	-0.56
450*	NA	-4.52	#VALUE!
451A	-0.84	-1.27	-2.11
451C	-0.64	-1.26	-1.9
451D	-2.54	-2.21	-4.75
451E	-1.46	-2.2	-3.66
451F	-0.09	-0.23	-0.32
451G	-2.37	-2.16	-4.53
451H	-0.11	-0.42	-0.53
451I	-0.44	-0.89	-1.33
451K	-0.7	-1.38	-2.08
451L	-0.29	-0.15	-0.44
451M	-0.34	-0.58	-0.92
451N	-0.58	-1.58	-2.16
451P	-1.25	-1.23	-2.48
451Q	-0.13	-0.72	-0.85
451R	-1.23	-1.89	-3.12
451S	-0.83	-1.45	-2.28
451T	-1.24	-1.77	-3.01
451V	-0.79	-1.45	-2.24
451W	-0.85	-1.76	-2.61
451Y	0	0	0
451*	NA	-4.56	#VALUE!
452A	0.05	0.03	0.08
452C	-0.06	-0.11	-0.17
452D	-0.16	-0.41	-0.57
452E	0.02	0.08	0.1
452F	-0.01	0.05	0.04
452G	0.02	0.02	0.04
452H	0	0.17	0.17
452I	0	-0.42	-0.42
452K	0.09	0.58	0.67
452L	0	0	0
452M	0.06	0.16	0.22
452N	0.01	-0.13	-0.12
452P	-1.43	-2.45	-3.88
452Q	0.07	0.27	0.34
452R	0.02	0.32	0.34
452S	0.03	0.4	0.43
452T	0.03	0.09	0.12
452V	0.02	-0.1	-0.08
452W	-0.06	0.03	-0.03
452Y	-0.07	0.14	0.07
452*	NA	-4.55	#VALUE!
453A	-0.27	-0.87	-1.14
453C	-0.26	-1.05	-1.31
453D	-3.49	-2.28	-5.77
453E	-1.18	-1.92	-3.1
453F	0.25	-0.08	0.17
453G	-0.92	-2.34	-3.26
453H	-0.07	-0.58	-0.65
453I	-0.53	-1.83	-2.36
453K	0.08	-0.23	-0.15
453L	-0.17	-1.37	-1.54
453M	-0.05	-0.67	-0.72
453N	-0.82	-1.52	-2.34
453P	-4.8	-2.56	-7.36
453Q	-0.37	-1.21	-1.58
453R	-0.3	0.01	-0.29
453S	-0.21	-0.34	-0.55
453T	-0.55	-1.71	-2.26
453V	-0.11	-1	-1.11
453W	-0.16	-1.27	-1.43
453Y	0	0	0
453*	NA	-4.55	#VALUE!
454A	-3.04	-2.64	-5.68
454C	-4.8	-2.33	-7.13
454D	-4.6	-2.43	-7.03
454E	-4.39	-2.38	-6.77
454F	-4.7	-2.1	-6.8
454G	-4.72	-2.4	-7.12
454H	-4.74	-2.42	-7.16
454I	-4.39	-1.58	-5.97
454K	-1.12	-2.19	-3.31
454L	-4.73	-2.15	-6.88
454M	-4.56	-2.42	-6.98
454N	-4.14	-2.55	-6.69
454P	-4.8	-2.63	-7.43
454Q	-4.8	-2.48	-7.28
454R	0	0	0
454S	-4.32	-2.49	-6.81
454T	-4.41	-2.49	-6.9
454V	-4.77	-2.27	-7.04
454W	-3.9	-2.6	-6.5
454Y	-4.06	-2.59	-6.65
454*	NA	-4.58	#VALUE!
455A	-0.47	0.58	0.11
455C	-0.71	0.23	-0.48
455D	-2.25	0.19	-2.06
455E	-2.05	0.26	-1.79
455F	-0.19	-0.05	-0.24
455G	-0.54	0.14	-0.4
455H	-0.76	0.36	-0.4
455I	-0.01	0.07	0.06
455K	-1.99	0.75	-1.24
455L	0	0	0
455M	0.05	0.31	0.36
455N	-0.8	0.79	-0.01
455P	-0.95	0.13	-0.82
455Q	-0.63	NA	#VALUE!
455R	-1.6	0.74	-0.86
455S	-0.78	0.45	-0.33
455T	-0.78	0.15	-0.63
455V	-0.73	0.21	-0.52
455W	-0.27	-0.03	-0.3
455Y	-1.5	-0.1	-1.6
455*	NA	-4.43	#VALUE!
456A	-2.17	-0.1	-2.27
456C	-1.2	-0.29	-1.49
456D	-4.55	-0.69	-5.24
456E	-2.45	-0.41	-2.86
456F	0	0	0
456G	-2.22	-0.19	-2.41
456H	-0.69	0.11	-0.58
456I	-1.21	-0.15	-1.36
456K	-1.38	-0.17	-1.55
456L	-0.11	-0.49	-0.6
456M	-0.22	-0.37	-0.59
456N	-2.38	-0.1	-2.48
456P	-2.69	-2.53	-5.22
456Q	-2.07	-0.35	-2.42
456R	-2.08	-0.11	-2.19
456S	-2.42	-0.35	-2.77
456T	-1.65	-0.26	-1.91
456V	-0.61	-0.16	-0.77
456W	-1.01	-0.04	-1.05
456Y	-1.5	0.48	-1.02
456*	NA	-3.89	#VALUE!
457A	-0.45	-1.6	-2.05
457C	-2.15	-2.21	-4.36
457D	-2.15	-2.34	-4.49
457E	-2.78	-2.26	-5.04
457F	-3.05	-2.54	-5.59
457G	-0.65	-1.97	-2.62
457H	-0.66	-1.99	-2.65
457I	-2.82	-2.34	-5.16
457K	-0.32	-1.58	-1.9
457L	-1.65	-2.34	-3.99
457M	-1.02	-2.52	-3.54
457N	-0.91	-2.06	-2.97
457P	-3.97	-2.48	-6.45
457Q	-1.32	-2.55	-3.87
457R	0	0	0
457S	-0.56	-1.68	-2.24
457T	-1.86	-2.48	-4.34
457V	-3.49	-2.53	-6.02
457W	-4.11	-2.54	-6.65
457Y	-3.37	-2.45	-5.82
457*	NA	-4.6	#VALUE!
458A	-0.01	-0.19	-0.2
458C	-0.16	-1.03	-1.19
458D	0.09	-0.06	0.03
458E	0.06	-0.08	-0.02
458F	-0.11	-0.92	-1.03
458G	-0.07	-0.28	-0.35
458H	0	-0.15	-0.15
458I	-0.16	-0.55	-0.71
458K	0	0	0
458L	-0.12	-0.59	-0.71
458M	-0.04	-0.51	-0.55
458N	-0.12	-0.15	-0.27
458P	0.03	-0.17	-0.14
458Q	0	-0.28	-0.28
458R	-0.01	-0.15	-0.16
458S	-0.04	-0.05	-0.09
458T	0	-0.14	-0.14
458V	-0.06	-0.51	-0.57
458W	-0.24	-0.96	-1.2
458Y	-0.09	-0.69	-0.78
458*	NA	-4.53	#VALUE!
459A	-0.03	-0.1	-0.13
459C	-0.14	-0.25	-0.39
459D	0.01	0	0.01
459E	0.01	0.11	0.12
459F	-0.1	-0.69	-0.79
459G	0.05	-0.16	-0.11
459H	-0.02	-0.07	-0.09
459I	-0.09	-0.5	-0.59
459K	-0.02	0.1	0.08
459L	-0.21	-0.92	-1.13
459M	-0.1	-0.49	-0.59
459N	0.03	0.01	0.04
459P	-0.22	-0.83	-1.05
459Q	-0.03	0.17	0.14
459R	-0.01	-0.06	-0.07
459S	0	0	0
459T	0.01	0.09	0.1
459V	0	-0.19	-0.19
459W	-0.21	-1.04	-1.25
459Y	-0.09	-0.62	-0.71
459*	NA	-4.58	#VALUE!
460A	0.03	0.02	0.05
460C	-0.07	-0.27	-0.34
460D	-0.06	-0.42	-0.48
460E	-0.03	-0.26	-0.29
460F	-0.09	-0.44	-0.53
460G	-0.09	-0.79	-0.88
460H	0.02	-0.02	0
460I	0.02	-0.08	-0.06
460K	0.09	0.16	0.25
460L	-0.05	-0.17	-0.22
460M	-0.04	-0.29	-0.33
460N	0	0	0
460P	-0.01	0.07	0.06
460Q	0.02	-0.15	-0.13
460R	0.06	0.09	0.15
460S	-0.08	-0.15	-0.23
460T	-0.16	-0.05	-0.21
460V	0.05	-0.08	-0.03
460W	-0.29	-1.04	-1.33
460Y	-0.04	-0.32	-0.36
460*	NA	-4.58	#VALUE!
461A	-1	-2.29	-3.29
461C	-0.63	-1.78	-2.41
461D	-4.8	-2.36	-7.16
461E	-4.12	-2.34	-6.46
461F	-0.88	-2.19	-3.07
461G	-3.34	-2.37	-5.71
461H	-2.22	-2.47	-4.69
461I	-0.01	0	-0.01
461K	-3.78	-2.4	-6.18
461L	0	0	0
461M	-0.22	-0.82	-1.04
461N	-0.98	-2.27	-3.25
461P	-3.7	-2.55	-6.25
461Q	-2.11	-2.73	-4.84
461R	-4.8	-2.61	-7.41
461S	-1.31	-2.41	-3.72
461T	-0.75	-2.04	-2.79
461V	-0.04	-0.28	-0.32
461W	-4.56	-2.52	-7.08
461Y	-1.14	-2.47	-3.61
461*	NA	-4.58	#VALUE!
462A	-0.07	-0.15	-0.22
462C	-0.11	-0.59	-0.7
462D	-0.08	-0.46	-0.54
462E	-0.01	-0.03	-0.04
462F	-0.09	-0.76	-0.85
462G	-0.06	-0.39	-0.45
462H	-0.24	-0.21	-0.45
462I	-0.13	-0.8	-0.93
462K	0	0	0
462L	-0.07	-0.21	-0.28
462M	-0.04	-0.26	-0.3
462N	-0.08	-0.33	-0.41
462P	-0.34	-1.23	-1.57
462Q	-0.02	-0.15	-0.17
462R	-0.05	-0.13	-0.18
462S	-0.09	-0.28	-0.37
462T	-0.05	-0.32	-0.37
462V	-0.08	-0.66	-0.74
462W	-0.21	-1.78	-1.99
462Y	-0.08	-0.63	-0.71
462*	NA	-4.57	#VALUE!
463A	-0.07	-0.48	-0.55
463C	-0.57	-1.62	-2.19
463D	-0.47	-1.71	-2.18
463E	-0.32	-1.23	-1.55
463F	-0.53	-1.67	-2.2
463G	-0.2	-1.11	-1.31
463H	-0.53	-1.82	-2.35
463I	-0.74	-1.76	-2.5
463K	-0.63	-1.94	-2.57
463L	-0.84	-1.9	-2.74
463M	-0.71	-1.82	-2.53
463N	-0.53	-1.98	-2.51
463P	0	0	0
463Q	-0.44	-1.67	-2.11
463R	-0.75	-2.04	-2.79
463S	-0.2	-1.06	-1.26
463T	-0.59	-1.81	-2.4
463V	-0.6	-1.58	-2.18
463W	-0.57	-0.81	-1.38
463Y	-0.56	-1.81	-2.37
463*	NA	-4.57	#VALUE!
464A	-0.16	-0.94	-1.1
464C	-0.29	-1.35	-1.64
464D	-0.39	-1.44	-1.83
464E	-0.29	-1.13	-1.42
464F	0	0	0
464G	-0.02	-0.02	-0.04
464H	-0.07	-0.44	-0.51
464I	-0.66	-1.91	-2.57
464K	-0.51	-1.71	-2.22
464L	-0.12	-0.72	-0.84
464M	-0.06	-0.52	-0.58
464N	-0.11	-0.65	-0.76
464P	-2.14	-2.4	-4.54
464Q	-0.12	-0.85	-0.97
464R	-0.23	-1.21	-1.44
464S	-0.18	-0.75	-0.93
464T	-0.35	-1.32	-1.67
464V	-0.57	-1.91	-2.48
464W	-0.1	-0.34	-0.44
464Y	-0.04	0.19	0.15
464*	NA	-4.58	#VALUE!
465A	-0.18	-1.03	-1.21
465C	-0.44	-1.47	-1.91
465D	-0.12	-0.57	-0.69
465E	0	0	0
465F	-0.64	-2.04	-2.68
465G	-0.11	-0.79	-0.9
465H	-0.23	-0.96	-1.19
465I	-0.66	-2.45	-3.11
465K	-0.51	-1.78	-2.29
465L	-0.68	-2.29	-2.97
465M	-0.29	-1.41	-1.7
465N	-0.39	-1.32	-1.71
465P	-4.41	-2.59	-7
465Q	-0.02	0.01	-0.01
465R	-0.6	-1.71	-2.31
465S	-0.29	-1.51	-1.8
465T	-0.13	-1.09	-1.22
465V	-0.45	-2	-2.45
465W	-0.69	-2.19	-2.88
465Y	-0.65	-1.87	-2.52
465*	NA	-4.58	#VALUE!
466A	-0.6	-1.7	-2.3
466C	-0.38	-1.41	-1.79
466D	-1.21	-2.48	-3.69
466E	-0.74	-2.2	-2.94
466F	-0.74	-2.18	-2.92
466G	-0.97	-2.34	-3.31
466H	-0.2	-0.97	-1.17
466I	-0.35	-1.44	-1.79
466K	-0.03	-0.22	-0.25
466L	-0.36	-1.44	-1.8
466M	-0.25	-1.35	-1.6
466N	-0.63	-1.89	-2.52
466P	-1.26	-2.42	-3.68
466Q	-0.08	-0.36	-0.44
466R	0	0	0
466S	-0.46	-1.41	-1.87
466T	-0.52	-1.75	-2.27
466V	-0.41	-1.73	-2.14
466W	-0.58	-1.83	-2.41
466Y	-0.58	-2.01	-2.59
466*	NA	-4.58	#VALUE!
467A	-1.29	-2.49	-3.78
467C	-0.84	-2.47	-3.31
467D	0	0	0
467E	-0.8	-2.27	-3.07
467F	-1.36	-2.85	-4.21
467G	-1.55	-2.54	-4.09
467H	-1.2	-2.47	-3.67
467I	-1.59	-2.81	-4.4
467K	-4.03	-2.48	-6.51
467L	-2.71	-2.78	-5.49
467M	-2.27	-2.75	-5.02
467N	-1.14	-2.02	-3.16
467P	-3.73	-2.43	-6.16
467Q	-1.6	-2.51	-4.11
467R	-3.95	-2.55	-6.5
467S	-0.92	-2.39	-3.31
467T	-1.63	-2.61	-4.24
467V	-1.09	-2.75	-3.84
467W	-2.67	-2.78	-5.45
467Y	-1.54	-2.77	-4.31
467*	NA	-4.31	#VALUE!
468A	-0.11	-0.37	-0.48
468C	-0.09	-0.31	-0.4
468D	-0.08	-0.16	-0.24
468E	-0.11	0.02	-0.09
468F	-0.19	-1.04	-1.23
468G	-0.21	-0.88	-1.09
468H	-0.18	-0.87	-1.05
468I	0	0	0
468K	-0.06	-0.5	-0.56
468L	-0.04	-0.03	-0.07
468M	0.07	-0.19	-0.12
468N	-0.03	-0.07	-0.1
468P	-0.22	-0.83	-1.05
468Q	0	-0.26	-0.26
468R	-0.12	-0.43	-0.55
468S	-0.07	-0.36	-0.43
468T	-0.14	0.17	0.03
468V	-0.03	0.07	0.04
468W	-0.3	-1.25	-1.55
468Y	-0.21	-0.85	-1.06
468*	NA	-4.53	#VALUE!
469A	-0.06	-0.66	-0.72
469C	-0.22	-0.91	-1.13
469D	-0.03	-0.37	-0.4
469E	-0.09	-0.7	-0.79
469F	-0.65	-2.14	-2.79
469G	-0.05	-0.29	-0.34
469H	-0.37	-1.12	-1.49
469I	-0.65	-2	-2.65
469K	-0.15	-0.7	-0.85
469L	-0.48	-1.79	-2.27
469M	-0.29	-1.75	-2.04
469N	-0.08	-0.35	-0.43
469P	-2.57	-2.41	-4.98
469Q	-0.08	-0.97	-1.05
469R	-0.15	-0.56	-0.71
469S	0	0	0
469T	0.03	-0.11	-0.08
469V	-0.51	-1.64	-2.15
469W	-0.81	-2.16	-2.97
469Y	-0.56	-1.96	-2.52
469*	NA	-4.56	#VALUE!
470A	-0.04	-0.25	-0.29
470C	-0.07	-0.22	-0.29
470D	-0.07	-0.27	-0.34
470E	0.01	-0.07	-0.06
470F	-0.12	-0.92	-1.04
470G	-0.12	-0.51	-0.63
470H	-0.06	-0.31	-0.37
470I	-0.09	-0.47	-0.56
470K	-0.02	-0.2	-0.22
470L	-0.09	-0.35	-0.44
470M	-0.07	-0.25	-0.32
470N	-0.02	-0.18	-0.2
470P	-0.25	-1.09	-1.34
470Q	0.03	-0.08	-0.05
470R	-0.03	-0.17	-0.2
470S	-0.02	-0.2	-0.22
470T	0	0	0
470V	-0.09	-0.33	-0.42
470W	-0.2	-1.05	-1.25
470Y	-0.07	-0.53	-0.6
470*	NA	-4.57	#VALUE!
471A	-0.1	-0.28	-0.38
471C	-0.41	-0.79	-1.2
471D	0.01	0.05	0.06
471E	0	0	0
471F	-0.07	-0.76	-0.83
471G	-0.08	-0.26	-0.34
471H	-0.07	-0.25	-0.32
471I	-0.15	-0.84	-0.99
471K	-0.15	-0.35	-0.5
471L	-0.18	-0.96	-1.14
471M	-0.11	-0.65	-0.76
471N	-0.03	-0.13	-0.16
471P	-0.16	-0.88	-1.04
471Q	-0.06	-0.19	-0.25
471R	-0.12	-0.53	-0.65
471S	-0.04	-0.22	-0.26
471T	-0.06	-0.22	-0.28
471V	-0.06	-0.49	-0.55
471W	-0.28	-1.19	-1.47
471Y	-0.14	-0.82	-0.96
471*	NA	-4.57	#VALUE!
472A	-0.69	-0.5	-1.19
472C	-0.95	-0.42	-1.37
472D	-2.09	-0.9	-2.99
472E	-1.34	-0.93	-2.27
472F	-0.23	-0.52	-0.75
472G	-2.17	-0.77	-2.94
472H	-0.37	-0.91	-1.28
472I	0	0	0
472K	-0.99	-0.88	-1.87
472L	-0.1	-0.13	-0.23
472M	0.02	-0.2	-0.18
472N	-1.11	-0.84	-1.95
472P	-0.49	-0.07	-0.56
472Q	-0.59	-0.85	-1.44
472R	-1.42	-1.02	-2.44
472S	-1.04	-0.79	-1.83
472T	-0.18	-0.39	-0.57
472V	-0.38	-0.12	-0.5
472W	-0.71	-0.5	-1.21
472Y	-0.23	-0.43	-0.66
472*	NA	-4.56	#VALUE!
473A	-2.18	-0.91	-3.09
473C	-2.1	-1	-3.1
473D	-2.72	-0.65	-3.37
473E	-1.86	-0.71	-2.57
473F	-0.16	-0.1	-0.26
473G	-2.74	-1.21	-3.95
473H	-0.16	-0.3	-0.46
473I	-1.23	-0.44	-1.67
473K	-2.59	-1.26	-3.85
473L	-0.65	-0.57	-1.22
473M	-0.66	-0.49	-1.15
473N	-2.23	-0.88	-3.11
473P	-4.8	-0.97	-5.77
473Q	-1.95	-0.84	-2.79
473R	-2.59	-1.25	-3.84
473S	-2.13	-0.99	-3.12
473T	-1.85	-0.93	-2.78
473V	-1.2	-0.26	-1.46
473W	-0.81	-0.31	-1.12
473Y	0	0	0
473*	NA	-4.55	#VALUE!
474A	-0.06	-0.39	-0.45
474C	-1.18	-1.1	-2.28
474D	-0.14	-0.38	-0.52
474E	-0.08	-0.24	-0.32
474F	-0.93	-1.5	-2.43
474G	-0.13	-0.53	-0.66
474H	-0.18	-0.55	-0.73
474I	-0.51	-1.35	-1.86
474K	-0.12	-0.57	-0.69
474L	-0.74	-1.69	-2.43
474M	-0.18	-0.68	-0.86
474N	-0.04	-0.18	-0.22
474P	-0.16	-0.33	-0.49
474Q	0	0	0
474R	-0.12	-0.65	-0.77
474S	-0.13	-0.26	-0.39
474T	-0.16	-0.59	-0.75
474V	-0.28	-0.97	-1.25
474W	-0.54	-2.03	-2.57
474Y	-0.65	-1.5	-2.15
474*	NA	-4.51	#VALUE!
475A	0	0	0
475C	-0.66	-0.36	-1.02
475D	-2.01	-0.23	-2.24
475E	-0.48	-0.21	-0.69
475F	-1.38	-0.29	-1.67
475G	-0.13	-0.14	-0.27
475H	-1.98	-0.9	-2.88
475I	-0.48	-0.27	-0.75
475K	-1.06	-0.26	-1.32
475L	-1.27	-0.31	-1.58
475M	-0.38	-0.16	-0.54
475N	-1.67	0.17	-1.5
475P	-1.62	-1.39	-3.01
475Q	-0.8	-0.49	-1.29
475R	-0.86	-0.28	-1.14
475S	-0.1	-0.19	-0.29
475T	-0.36	-0.29	-0.65
475V	-0.14	-0.21	-0.35
475W	-2.26	-1.09	-3.35
475Y	-1.69	-0.44	-2.13
475*	NA	-4.4	#VALUE!
476A	-0.26	-0.31	-0.57
476C	-1.89	-1.32	-3.21
476D	-0.54	-0.23	-0.77
476E	-1.35	-0.53	-1.88
476F	-1.22	-1.64	-2.86
476G	0	0	0
476H	-0.38	-0.92	-1.3
476I	-2.31	-1.79	-4.1
476K	-1.68	-0.72	-2.4
476L	-2.51	-1.62	-4.13
476M	-1.67	-1.19	-2.86
476N	-0.84	-0.48	-1.32
476P	-2.56	-1.26	-3.82
476Q	-1.12	-0.65	-1.77
476R	-1.18	-0.87	-2.05
476S	-0.02	-0.06	-0.08
476T	-0.89	-0.33	-1.22
476V	-1.96	-1.32	-3.28
476W	-0.57	-1.42	-1.99
476Y	-0.98	-1.6	-2.58
476*	NA	-4.58	#VALUE!
477A	-0.07	-0.01	-0.08
477C	-0.44	-0.4	-0.84
477D	0.09	0.12	0.21
477E	-0.04	0.36	0.32
477F	-0.05	-0.25	-0.3
477G	-0.06	-0.17	-0.23
477H	-0.02	-0.12	-0.14
477I	-0.06	-0.23	-0.29
477K	0.03	-0.26	-0.23
477L	-0.02	-0.23	-0.25
477M	-0.07	-0.26	-0.33
477N	0.06	0.06	0.12
477P	0.06	-0.03	0.03
477Q	-0.01	-0.15	-0.16
477R	-0.03	-0.12	-0.15
477S	0	0	0
477T	-0.01	-0.04	-0.05
477V	-0.05	-0.21	-0.26
477W	0.02	-0.43	-0.41
477Y	-0.02	-0.42	-0.44
477*	NA	-4.52	#VALUE!
478A	-0.03	-0.11	-0.14
478C	-0.25	-0.28	-0.53
478D	-0.06	-0.17	-0.23
478E	-0.07	-0.04	-0.11
478F	-0.08	-0.26	-0.34
478G	-0.12	-0.32	-0.44
478H	-0.02	-0.22	-0.24
478I	-0.04	-0.16	-0.2
478K	0.02	0.02	0.04
478L	-0.08	-0.2	-0.28
478M	-0.02	-0.3	-0.32
478N	-0.06	-0.26	-0.32
478P	-0.31	-0.63	-0.94
478Q	0.01	-0.04	-0.03
478R	-0.04	-0.09	-0.13
478S	-0.01	-0.09	-0.1
478T	0	0	0
478V	-0.06	-0.2	-0.26
478W	-0.11	-0.56	-0.67
478Y	-0.04	-0.31	-0.35
478*	NA	-4.57	#VALUE!
479A	-0.02	-0.17	-0.19
479C	-0.17	-0.62	-0.79
479D	-0.03	-0.06	-0.09
479E	0.02	-0.16	-0.14
479F	-0.11	-0.73	-0.84
479G	-0.04	-0.44	-0.48
479H	-0.07	-0.32	-0.39
479I	-0.13	-0.37	-0.5
479K	-0.03	-0.11	-0.14
479L	-0.06	-0.35	-0.41
479M	-0.05	-0.3	-0.35
479N	-0.05	-0.23	-0.28
479P	0	0	0
479Q	-0.03	-0.16	-0.19
479R	-0.06	-0.24	-0.3
479S	-0.03	-0.2	-0.23
479T	-0.1	-0.29	-0.39
479V	-0.07	-0.33	-0.4
479W	-0.29	-1.31	-1.6
479Y	-0.08	-0.49	-0.57
479*	NA	-4.57	#VALUE!
480A	-3.45	-1.35	-4.8
480C	0	0	0
480D	-3.29	-1	-4.29
480E	-3.59	-0.99	-4.58
480F	-3.84	-1.81	-5.65
480G	-3.44	-1.26	-4.7
480H	-3.65	-1.67	-5.32
480I	-3.81	-1.27	-5.08
480K	-3.72	-1.28	-5
480L	-3.86	-1.43	-5.29
480M	-3.94	-1.54	-5.48
480N	-3.47	-1.18	-4.65
480P	-3.52	-1.14	-4.66
480Q	-3.8	-1.01	-4.81
480R	-3.56	-1.44	-5
480S	-3.38	-1.43	-4.81
480T	-3.49	-0.91	-4.4
480V	-3.35	-1.39	-4.74
480W	-3.62	-1.86	-5.48
480Y	-3.55	-1.56	-5.11
480*	NA	-4.53	#VALUE!
481A	-0.06	-0.2	-0.26
481C	-0.17	-0.34	-0.51
481D	-0.07	-0.08	-0.15
481E	-0.08	-0.15	-0.23
481F	-0.08	-0.29	-0.37
481G	-0.08	0.04	-0.04
481H	-0.02	-0.16	-0.18
481I	-0.19	-0.81	-1
481K	0.01	-0.11	-0.1
481L	-0.05	-0.42	-0.47
481M	-0.02	-0.39	-0.41
481N	0	0	0
481P	-0.29	-0.95	-1.24
481Q	-0.04	-0.03	-0.07
481R	0.02	-0.09	-0.07
481S	-0.04	-0.16	-0.2
481T	-0.11	-0.26	-0.37
481V	-0.12	-0.49	-0.61
481W	-0.09	-1.05	-1.14
481Y	-0.08	-0.32	-0.4
481*	NA	-4.58	#VALUE!
482A	-0.08	-0.35	-0.43
482C	-0.3	-0.74	-1.04
482D	-0.02	-0.14	-0.16
482E	-0.03	-0.1	-0.13
482F	-0.23	-0.85	-1.08
482G	0	0	0
482H	-0.06	-0.66	-0.72
482I	-0.57	-1.1	-1.67
482K	-0.06	-0.27	-0.33
482L	-0.19	-0.99	-1.18
482M	-0.25	-1.11	-1.36
482N	-0.02	-0.07	-0.09
482P	-0.53	-0.72	-1.25
482Q	0.04	-0.31	-0.27
482R	-0.1	-0.65	-0.75
482S	-0.08	-0.3	-0.38
482T	-0.21	-0.5	-0.71
482V	-0.45	-1.11	-1.56
482W	-0.36	-1.68	-2.04
482Y	-0.2	-0.96	-1.16
482*	NA	-4.52	#VALUE!
483A	-0.03	0.09	0.06
483C	-0.05	-0.22	-0.27
483D	-0.02	-0.1	-0.12
483E	-0.03	-0.01	-0.04
483F	-0.01	-0.31	-0.32
483G	-0.04	-0.21	-0.25
483H	0	-0.09	-0.09
483I	-0.03	-0.14	-0.17
483K	0.05	0.14	0.19
483L	0.06	-0.02	0.04
483M	-0.01	0.03	0.02
483N	0.03	-0.06	-0.03
483P	-0.7	-0.44	-1.14
483Q	0.05	0.08	0.13
483R	0.05	-0.06	-0.01
483S	-0.08	0.08	0
483T	-0.17	0.3	0.13
483V	0	0	0
483W	-0.17	-0.83	-1
483Y	-0.05	-0.26	-0.31
483*	NA	-4.58	#VALUE!
484A	-0.07	-0.23	-0.3
484C	-0.52	-0.61	-1.13
484D	-0.38	-0.19	-0.57
484E	0	0	0
484F	-1.43	-0.63	-2.06
484G	-0.06	-0.42	-0.48
484H	-0.55	-0.29	-0.84
484I	-0.64	-0.27	-0.91
484K	0.06	-0.1	-0.04
484L	-0.71	-0.2	-0.91
484M	-0.26	-0.24	-0.5
484N	-0.08	-0.19	-0.27
484P	-0.28	-0.02	-0.3
484Q	0.03	-0.08	-0.05
484R	0.15	-0.12	0.03
484S	-0.02	-0.18	-0.2
484T	0.05	-0.03	0.02
484V	-0.65	-0.05	-0.7
484W	-0.78	-0.77	-1.55
484Y	-1.51	-0.63	-2.14
484*	NA	-4.57	#VALUE!
485A	-0.19	-0.21	-0.4
485C	-0.59	-0.55	-1.14
485D	-0.58	-0.22	-0.8
485E	-0.43	-0.4	-0.83
485F	-0.8	-1.25	-2.05
485G	0	0	0
485H	-0.45	-0.45	-0.9
485I	-0.66	-1.22	-1.88
485K	-0.02	-0.1	-0.12
485L	-0.64	-1.07	-1.71
485M	-0.28	-0.56	-0.84
485N	-0.43	-0.4	-0.83
485P	-1.53	-0.68	-2.21
485Q	-0.11	-0.23	-0.34
485R	-0.18	-0.54	-0.72
485S	-0.2	-0.11	-0.31
485T	-0.22	-0.21	-0.43
485V	-0.67	-1.16	-1.83
485W	-0.57	-1.17	-1.74
485Y	-0.7	-1.17	-1.87
485*	NA	-4.54	#VALUE!
486A	-0.34	0.1	-0.24
486C	-1.2	-0.07	-1.27
486D	-1.69	0.11	-1.58
486E	-1.63	0.28	-1.35
486F	0	0	0
486G	-0.77	-0.08	-0.85
486H	-0.42	0.05	-0.37
486I	-0.38	0.04	-0.34
486K	-0.62	0.18	-0.44
486L	-0.47	0.03	-0.44
486M	-0.53	0.04	-0.49
486N	-0.82	0.04	-0.78
486P	-0.18	0.22	0.04
486Q	-0.72	0.22	-0.5
486R	-0.38	0.15	-0.23
486S	-0.63	0.13	-0.5
486T	-0.71	0.13	-0.58
486V	-0.43	0.07	-0.36
486W	-0.23	-0.12	-0.35
486Y	-0.34	0.04	-0.3
486*	NA	-4.55	#VALUE!
487A	-1.74	-0.22	-1.96
487C	-2.41	-0.49	-2.9
487D	-1.08	0.07	-1.01
487E	-2.06	-0.01	-2.07
487F	-2.29	-0.63	-2.92
487G	-1.59	0.1	-1.49
487H	-1.87	-0.3	-2.17
487I	-2.77	-1.7	-4.47
487K	-2.3	-0.09	-2.39
487L	-2.2	-0.37	-2.57
487M	-2.12	-0.27	-2.39
487N	0	0	0
487P	-2.64	-1.34	-3.98
487Q	-2.09	0.15	-1.94
487R	-2.3	-0.25	-2.55
487S	-1.51	-0.2	-1.71
487T	-1.93	-0.38	-2.31
487V	-2.47	-1.64	-4.11
487W	-2.39	-0.53	-2.92
487Y	-2.3	-0.72	-3.02
487*	NA	-4.54	#VALUE!
488A	-2.97	-1.3	-4.27
488C	0	0	0
488D	-4.54	-0.98	-5.52
488E	-3.57	-1.19	-4.76
488F	-4.75	-1.81	-6.56
488G	-4.3	-1.28	-5.58
488H	-3.61	-1.59	-5.2
488I	-4.79	-1.8	-6.59
488K	-2.93	-1.38	-4.31
488L	-4.34	-1.63	-5.97
488M	-3.61	-1.59	-5.2
488N	-3.09	-1.01	-4.1
488P	-4.78	-1.33	-6.11
488Q	-2.84	-1.47	-4.31
488R	-2.84	-1.29	-4.13
488S	-2.84	-1.15	-3.99
488T	-3.34	-1.34	-4.68
488V	-4.55	-1.72	-6.27
488W	-4.61	-1.51	-6.12
488Y	-4.69	-1.72	-6.41
488*	NA	-4.58	#VALUE!
489A	-2.46	-0.31	-2.77
489C	-3.24	-0.16	-3.4
489D	-3.37	-0.56	-3.93
489E	-3.98	-0.28	-4.26
489F	-0.95	-0.12	-1.07
489G	-4.32	-0.83	-5.15
489H	-0.66	0.11	-0.55
489I	-2.22	-0.05	-2.27
489K	-4.33	-0.04	-4.37
489L	-2.2	-0.1	-2.3
489M	-1.98	-0.06	-2.04
489N	-2.57	-0.16	-2.73
489P	-2.26	-0.36	-2.62
489Q	-2.2	-0.18	-2.38
489R	-3.79	-0.1	-3.89
489S	-4.8	0.06	-4.74
489T	-4.61	0.04	-4.57
489V	-2.15	-0.1	-2.25
489W	-0.68	-0.1	-0.78
489Y	0	0	0
489*	NA	-4.55	#VALUE!
490A	0.03	0.03	0.06
490C	-0.11	-0.4	-0.51
490D	-0.08	-0.33	-0.41
490E	-0.12	-0.18	-0.3
490F	0	0	0
490G	-0.08	-0.46	-0.54
490H	-0.05	-0.04	-0.09
490I	-0.16	-0.47	-0.63
490K	0.09	-0.07	0.02
490L	-0.11	-0.35	-0.46
490M	-0.03	-0.2	-0.23
490N	0.02	0.03	0.05
490P	-0.09	-0.13	-0.22
490Q	-0.02	0.02	0
490R	0.01	-0.05	-0.04
490S	0	-0.1	-0.1
490T	-0.04	-0.25	-0.29
490V	-0.08	-0.36	-0.44
490W	-0.05	-0.03	-0.08
490Y	0.06	0.1	0.16
490*	NA	-4.44	#VALUE!
491A	-0.45	-1.54	-1.99
491C	-1.45	-1.89	-3.34
491D	-2.34	-1.89	-4.23
491E	-0.71	-2.04	-2.75
491F	-4.75	-2.47	-7.22
491G	-0.93	-1.75	-2.68
491H	-3.76	-2.33	-6.09
491I	-3.99	-2.46	-6.45
491K	-4.39	-2.61	-7
491L	-4.65	-2.43	-7.08
491M	-2.02	-2.38	-4.4
491N	-2.05	-1.9	-3.95
491P	0	0	0
491Q	-1.34	-1.99	-3.33
491R	-4.8	-2.44	-7.24
491S	-0.57	-1.49	-2.06
491T	-1.58	-1.64	-3.22
491V	-1.77	-2.34	-4.11
491W	-4.49	-2.26	-6.75
491Y	-4.8	-2.54	-7.34
491*	NA	-4.56	#VALUE!
492A	-4.06	-2.22	-6.28
492C	-0.77	-2	-2.77
492D	-4.15	-2.45	-6.6
492E	-3.08	-2.47	-5.55
492F	-0.52	-0.95	-1.47
492G	-4.17	-2.45	-6.62
492H	-1.25	-2.14	-3.39
492I	0.03	-0.36	-0.33
492K	-1.52	-2.39	-3.91
492L	0	0	0
492M	-0.27	-1.07	-1.34
492N	-1.21	-1.53	-2.74
492P	-4.78	-2.47	-7.25
492Q	-1.19	-2.36	-3.55
492R	-1.21	-2.28	-3.49
492S	-3.32	-2.41	-5.73
492T	-0.78	-1.86	-2.64
492V	-0.17	-0.86	-1.03
492W	-1.9	-2.54	-4.44
492Y	-1.16	-2.28	-3.44
492*	NA	-4.57	#VALUE!
493A	0.13	0.06	0.19
493C	-0.03	-0.46	-0.49
493D	-1.57	-0.1	-1.67
493E	-0.56	-0.02	-0.58
493F	0.06	-0.74	-0.68
493G	0.01	-0.08	-0.07
493H	-0.01	-0.17	-0.18
493I	-0.08	-0.39	-0.47
493K	0.05	0.03	0.08
493L	0.05	-0.44	-0.39
493M	0.18	-0.07	0.11
493N	-0.21	-0.23	-0.44
493P	-0.72	-2.1	-2.82
493Q	0	0	0
493R	-0.09	-0.06	-0.15
493S	-0.18	-0.05	-0.23
493T	-0.08	-0.09	-0.17
493V	0.05	-0.1	-0.05
493W	-0.14	-0.76	-0.9
493Y	0.12	-0.97	-0.85
493*	NA	-4.54	#VALUE!
494A	0.03	0.01	0.04
494C	-0.11	-0.73	-0.84
494D	-1.1	-0.61	-1.71
494E	-0.07	-0.36	-0.43
494F	-0.19	-0.94	-1.13
494G	-0.34	-0.15	-0.49
494H	0.06	-0.17	-0.11
494I	-0.64	-0.96	-1.6
494K	0.05	-0.03	0.02
494L	-0.35	-1.02	-1.37
494M	-0.03	-0.87	-0.9
494N	-0.02	-0.14	-0.16
494P	0	-0.02	-0.02
494Q	-0.01	0.03	0.02
494R	0.05	-0.08	-0.03
494S	0	0	0
494T	-0.01	-0.12	-0.13
494V	-0.21	-0.42	-0.63
494W	-0.25	-0.92	-1.17
494Y	-0.1	-0.44	-0.54
494*	NA	-3.6	#VALUE!
495A	-2.35	-1.83	-4.18
495C	-2.33	-2.1	-4.43
495D	-2.61	-2.15	-4.76
495E	-2.6	-1.59	-4.19
495F	-0.5	-1.75	-2.25
495G	-3.93	-1.85	-5.78
495H	-1.1	-1.11	-2.21
495I	-1.54	-2.01	-3.55
495K	-2.14	-1.92	-4.06
495L	-1.65	-2.13	-3.78
495M	-0.87	-1.54	-2.41
495N	-1.43	-2.09	-3.52
495P	-2.67	-2.02	-4.69
495Q	-1.98	-1.68	-3.66
495R	-1.59	-2.08	-3.67
495S	-2.43	-2.02	-4.45
495T	-2.14	-2.04	-4.18
495V	-1.91	-1.91	-3.82
495W	-0.82	-1.87	-2.69
495Y	0	0	0
495*	NA	-4.55	#VALUE!
496A	-0.53	0.07	-0.46
496C	-1.42	-0.06	-1.48
496D	-2.21	0.03	-2.18
496E	-2.33	0.02	-2.31
496F	-2.12	-0.32	-2.44
496G	0	0	0
496H	-1.52	-0.11	-1.63
496I	-1.51	-0.02	-1.53
496K	-1.65	0.14	-1.51
496L	-1.7	-0.17	-1.87
496M	-1.62	-0.1	-1.72
496N	-0.35	0.04	-0.31
496P	-2.1	-0.63	-2.73
496Q	-1.58	0.05	-1.53
496R	-1.63	0.13	-1.5
496S	-0.63	0.12	-0.51
496T	-1.46	0.12	-1.34
496V	-1.05	-0.04	-1.09
496W	-1.63	-0.43	-2.06
496Y	-2	-0.15	-2.15
496*	NA	-4.51	#VALUE!
497A	-4.8	-1.95	-6.75
497C	-4.78	-2.35	-7.13
497D	-4.63	-2.21	-6.84
497E	-4.8	-2.15	-6.95
497F	0	0	0
497G	-3.84	-2.14	-5.98
497H	-3.07	-2.17	-5.24
497I	-4.8	-2.22	-7.02
497K	-4.8	-2.01	-6.81
497L	-2.05	-2.06	-4.11
497M	-2.35	-2.17	-4.52
497N	-4.42	-2.04	-6.46
497P	-4.8	-2.04	-6.84
497Q	-4.75	-2.06	-6.81
497R	-4.8	-2.31	-7.11
497S	-4.8	-2.05	-6.85
497T	-4.8	-1.91	-6.71
497V	-4.73	-2.15	-6.88
497W	-1.81	-1.43	-3.24
497Y	-0.59	-1.76	-2.35
497*	NA	-4.61	#VALUE!
498A	-0.05	0.05	0
498C	-1.41	-0.44	-1.85
498D	-1.27	0.45	-0.82
498E	-0.98	-0.06	-1.04
498F	0.15	0.05	0.2
498G	-0.61	-0.09	-0.7
498H	0.3	0.16	0.46
498I	-1.48	-0.12	-1.6
498K	-2.26	0.05	-2.21
498L	-1.58	-0.14	-1.72
498M	-0.51	-0.1	-0.61
498N	-0.5	-0.1	-0.6
498P	-3.14	-1.29	-4.43
498Q	0	0	0
498R	-0.06	-0.1	-0.16
498S	-0.17	-0.45	-0.62
498T	-0.67	-0.21	-0.88
498V	-1.24	-0.11	-1.35
498W	0.07	-0.41	-0.34
498Y	0.16	0.06	0.22
498*	NA	-4.56	#VALUE!
499A	-0.47	-0.52	-0.99
499C	-1.07	-0.83	-1.9
499D	-0.92	-0.21	-1.13
499E	-1.1	-0.06	-1.16
499F	-0.41	-0.94	-1.35
499G	-1.02	-0.23	-1.25
499H	-0.47	-0.51	-0.98
499I	-0.46	-1.07	-1.53
499K	-0.12	-0.41	-0.53
499L	-0.36	-0.61	-0.97
499M	-0.46	-0.53	-0.99
499N	-0.37	-0.34	-0.71
499P	0	0	0
499Q	-0.59	-0.27	-0.86
499R	-0.14	-0.58	-0.72
499S	-0.23	-0.24	-0.47
499T	-0.15	-0.35	-0.5
499V	-0.37	-0.41	-0.78
499W	-0.99	-1.08	-2.07
499Y	-0.36	-0.58	-0.94
499*	NA	-4.57	#VALUE!
500A	-0.56	-0.02	-0.58
500C	-1.6	-0.33	-1.93
500D	-1.99	-0.01	-2
500E	-1.14	0.01	-1.13
500F	-0.98	-0.26	-1.24
500G	-0.93	0.06	-0.87
500H	-0.88	-0.19	-1.07
500I	-2.3	-0.48	-2.78
500K	-0.8	-0.11	-0.91
500L	-1.52	-0.29	-1.81
500M	-0.75	-0.31	-1.06
500N	-1.2	-0.04	-1.24
500P	-1.12	-0.98	-2.1
500Q	-0.44	-0.02	-0.46
500R	-1.12	-0.34	-1.46
500S	-0.32	0	-0.32
500T	0	0	0
500V	-1.89	-0.42	-2.31
500W	-0.43	-0.42	-0.85
500Y	-0.97	-0.28	-1.25
500*	NA	-4.5	#VALUE!
501A	-0.06	0.07	0.01
501C	-0.58	-0.47	-1.05
501D	-2.42	0.08	-2.34
501E	-0.79	-0.42	-1.21
501F	0.29	-0.1	0.19
501G	-0.94	-0.32	-1.26
501H	0	-0.24	-0.24
501I	-0.08	-0.7	-0.78
501K	-2.79	-0.1	-2.89
501L	-1.15	-0.04	-1.19
501M	0	0.33	0.33
501N	0	0	0
501P	-1.95	-0.62	-2.57
501Q	-0.06	0.14	0.08
501R	-2.08	-0.07	-2.15
501S	-0.13	-0.03	-0.16
501T	0.1	-0.25	-0.15
501V	0.15	-0.19	-0.04
501W	0.11	0.1	0.21
501Y	0.24	-0.14	0.1
501*	NA	-4.23	#VALUE!
502A	-2.8	0.08	-2.72
502C	-3.11	-0.25	-3.36
502D	-4.16	0.64	-3.52
502E	-4.67	0.54	-4.13
502F	-4.8	-0.19	-4.99
502G	0	0	0
502H	-4.47	0.05	-4.42
502I	-4.66	0.03	-4.63
502K	-4.16	0.24	-3.92
502L	-4.8	-0.16	-4.96
502M	-4.8	-0.09	-4.89
502N	-4.38	0.25	-4.13
502P	-4.55	0.25	-4.3
502Q	-4.68	0.16	-4.52
502R	-4.8	0.1	-4.7
502S	-2.7	0.28	-2.42
502T	-4.8	0.15	-4.65
502V	-4.8	0.1	-4.7
502W	-4.8	-0.29	-5.09
502Y	-4.8	-0.27	-5.07
502*	NA	-4.54	#VALUE!
503A	-0.06	-0.1	-0.16
503C	-0.06	-0.22	-0.28
503D	-0.07	-0.11	-0.18
503E	-0.2	0.07	-0.13
503F	-0.01	-0.38	-0.39
503G	-0.16	-0.49	-0.65
503H	-0.07	-0.33	-0.4
503I	0.05	-0.05	0
503K	0.1	0.01	0.11
503L	0.03	0.04	0.07
503M	0.1	-0.12	-0.02
503N	-0.08	-0.29	-0.37
503P	-0.88	-1.66	-2.54
503Q	-0.01	-0.11	-0.12
503R	0.01	-0.15	-0.14
503S	-0.64	-0.21	-0.85
503T	-1.08	-0.12	-1.2
503V	0	0	0
503W	-0.09	-0.61	-0.7
503Y	-0.01	-0.57	-0.58
503*	NA	-4.56	#VALUE!
504A	-0.18	0.01	-0.17
504C	-0.9	-0.56	-1.46
504D	-0.27	0.3	0.03
504E	-0.64	0.09	-0.55
504F	-0.51	-0.67	-1.18
504G	0	0	0
504H	-0.49	-0.13	-0.62
504I	-1.67	-0.3	-1.97
504K	-0.42	0.04	-0.38
504L	-0.51	-0.03	-0.54
504M	-0.36	0.01	-0.35
504N	-0.13	0.01	-0.12
504P	-0.3	-0.16	-0.46
504Q	-0.42	0	-0.42
504R	-0.38	-0.11	-0.49
504S	-0.2	-0.08	-0.28
504T	-0.45	-0.2	-0.65
504V	-1.41	-0.48	-1.89
504W	-0.47	-0.58	-1.05
504Y	-0.5	-0.7	-1.2
504*	NA	-4.55	#VALUE!
505A	-2.43	0.12	-2.31
505C	-2.36	0.12	-2.24
505D	-3.07	0.41	-2.66
505E	-3.17	0.56	-2.61
505F	-0.15	-0.01	-0.16
505G	-4.65	0.37	-4.28
505H	-0.71	0.16	-0.55
505I	-3.19	-0.42	-3.61
505K	-2.71	0.13	-2.58
505L	-2.51	0.03	-2.48
505M	-2.32	0.07	-2.25
505N	-2	0.56	-1.44
505P	-4.09	-1.09	-5.18
505Q	-2.29	0.21	-2.08
505R	-2.47	0.02	-2.45
505S	-2.37	0.28	-2.09
505T	-3.46	-0.02	-3.48
505V	-2.46	-0.26	-2.72
505W	0.13	-0.04	0.09
505Y	0	0	0
505*	NA	-4.61	#VALUE!
506A	-1.45	-0.83	-2.28
506C	-2.07	-1.93	-4
506D	-2.64	-0.74	-3.38
506E	-2.2	-0.8	-3
506F	-2.78	-2.19	-4.97
506G	-2.37	-1.33	-3.7
506H	-0.84	-0.88	-1.72
506I	-2.53	-2.05	-4.58
506K	-1.46	-1.69	-3.15
506L	-1.46	-1.81	-3.27
506M	-0.57	-1.02	-1.59
506N	-0.28	-0.96	-1.24
506P	-4.8	-2.08	-6.88
506Q	0	0	0
506R	-1.62	-1.88	-3.5
506S	-1.57	-1.28	-2.85
506T	-2.29	-1.74	-4.03
506V	-2.32	-1.82	-4.14
506W	-2.29	-2.14	-4.43
506Y	-2.86	-2.14	-5
506*	NA	-4.55	#VALUE!
507A	-0.75	-0.88	-1.63
507C	-2.31	-2.2	-4.51
507D	-4.13	-2.46	-6.59
507E	-4.8	-2.39	-7.19
507F	-4.8	-2.18	-6.98
507G	-3.07	-2.57	-5.64
507H	-4.41	-2.62	-7.03
507I	-4.68	-2.43	-7.11
507K	-4.8	-2.34	-7.14
507L	-4.8	-1.83	-6.63
507M	-4.43	-2.05	-6.48
507N	-4.8	-2.62	-7.42
507P	0	0	0
507Q	-4.61	-2.49	-7.1
507R	-4.8	-2.8	-7.6
507S	-1.29	-1.7	-2.99
507T	-4.45	-2.41	-6.86
507V	-4.31	-2.5	-6.81
507W	-4.61	-2.07	-6.68
507Y	-4.8	-2.24	-7.04
507*	NA	-4.62	#VALUE!
508A	-0.4	-0.85	-1.25
508C	-0.33	-1.02	-1.35
508D	-3.08	-2.15	-5.23
508E	-1.14	-2.45	-3.59
508F	0.02	-0.16	-0.14
508G	-4.7	-2.79	-7.49
508H	0.07	0.14	0.21
508I	-0.57	-1.52	-2.09
508K	-1.23	-2.14	-3.37
508L	-0.52	-1.72	-2.24
508M	-0.18	-0.86	-1.04
508N	-0.19	-0.98	-1.17
508P	-4.68	-2.67	-7.35
508Q	-0.38	-1.32	-1.7
508R	-0.77	-2.26	-3.03
508S	-0.4	-1.43	-1.83
508T	-0.27	-1	-1.27
508V	-0.25	-0.98	-1.23
508W	-0.17	-0.45	-0.62
508Y	0	0	0
508*	NA	-4.58	#VALUE!
509A	-4.15	-2.5	-6.65
509C	-3.7	-2.31	-6.01
509D	-4.8	-2.78	-7.58
509E	-4.8	-2.53	-7.33
509F	-4.65	-2.44	-7.09
509G	-4.8	-2.66	-7.46
509H	-1	-2.51	-3.51
509I	-3.76	-2.67	-6.43
509K	-1.11	-2.05	-3.16
509L	-4.74	-2.88	-7.62
509M	-4.74	-2.59	-7.33
509N	-4.7	-2.23	-6.93
509P	-4.72	-2.8	-7.52
509Q	-3.21	-2.54	-5.75
509R	0	0	0
509S	-3.5	-2.58	-6.08
509T	-2.06	-2.45	-4.51
509V	-2.49	-2.47	-4.96
509W	-4.8	-2.59	-7.39
509Y	-4.8	-2.06	-6.86
509*	NA	-4.38	#VALUE!
510A	-0.83	-2.61	-3.44
510C	-0.14	-1.86	-2
510D	-4.8	-3.36	-8.16
510E	-3.61	-3.05	-6.66
510F	-1.77	-2.65	-4.42
510G	-4.8	-2.92	-7.72
510H	-3.88	-3.08	-6.96
510I	-0.16	-0.76	-0.92
510K	-4.56	-3.14	-7.7
510L	-0.6	-2.2	-2.8
510M	-0.53	-2.03	-2.56
510N	-4.5	-2.98	-7.48
510P	-4.53	-3.2	-7.73
510Q	-4.6	-3.05	-7.65
510R	-4.39	-3.12	-7.51
510S	-4.42	-2.99	-7.41
510T	-0.47	-2.91	-3.38
510V	0	0	0
510W	-4.35	-2.79	-7.14
510Y	-4.6	-2.65	-7.25
510*	NA	-4.61	#VALUE!
511A	-0.78	-2.59	-3.37
511C	-0.65	-2.53	-3.18
511D	-4.46	-2.81	-7.27
511E	-4.04	-2.99	-7.03
511F	-1.8	-2.6	-4.4
511G	-4.8	-3.06	-7.86
511H	-3.32	-2.89	-6.21
511I	-0.4	-1.2	-1.6
511K	-4.8	-3.06	-7.86
511L	-0.83	-2.06	-2.89
511M	-0.85	-2.6	-3.45
511N	-3.81	-2.91	-6.72
511P	-4.19	-3.24	-7.43
511Q	-2.99	-2.87	-5.86
511R	-4.8	-3	-7.8
511S	-3.42	-2.93	-6.35
511T	-0.89	-2.7	-3.59
511V	0	0	0
511W	-3.2	-2.79	-5.99
511Y	-2.27	-2.42	-4.69
511*	NA	-4.29	#VALUE!
512A	-0.72	-2.6	-3.32
512C	-0.66	-1.78	-2.44
512D	-1.6	-3.44	-5.04
512E	-4.06	-3.21	-7.27
512F	-4.79	-2.88	-7.67
512G	-4.67	-3.06	-7.73
512H	-4.24	-3.05	-7.29
512I	-0.22	-0.69	-0.91
512K	-4.33	-3.01	-7.34
512L	-3.97	-2.79	-6.76
512M	-4.34	-2.63	-6.97
512N	-4.38	-3.13	-7.51
512P	-3.68	-3.45	-7.13
512Q	-4.14	-3	-7.14
512R	-4.8	-3	-7.8
512S	-1.23	-3.01	-4.24
512T	-0.71	-2.81	-3.52
512V	0	0	0
512W	-4.31	-2.84	-7.15
512Y	-4.15	-2.99	-7.14
512*	NA	-3.35	#VALUE!
513A	-3.14	-2.92	-6.06
513C	-1.94	-2.78	-4.72
513D	-3.15	-3.74	-6.89
513E	-2.52	-3.53	-6.05
513F	-0.34	-1.08	-1.42
513G	-4.8	-3.05	-7.85
513H	-3.61	-3.07	-6.68
513I	-0.13	-0.54	-0.67
513K	-2.51	-3.39	-5.9
513L	0	0	0
513M	-0.17	-0.83	-1
513N	-4.54	-3.22	-7.76
513P	-4.76	-3.43	-8.19
513Q	-4.8	-3.34	-8.14
513R	-4.6	-3.47	-8.07
513S	-4.12	-3.43	-7.55
513T	-1.9	-3.04	-4.94
513V	-0.45	-1.56	-2.01
513W	-1.95	-2.56	-4.51
513Y	-1.78	-2.88	-4.66
513*	NA	-3.88	#VALUE!
514A	-0.09	-0.48	-0.57
514C	-0.12	-0.22	-0.34
514D	-0.47	-1.7	-2.17
514E	-0.38	-1.78	-2.16
514F	-0.23	-0.91	-1.14
514G	-0.06	-0.24	-0.3
514H	-0.01	-0.11	-0.12
514I	-0.01	-0.24	-0.25
514K	-0.11	-0.84	-0.95
514L	-0.22	-0.75	-0.97
514M	-0.17	-0.58	-0.75
514N	-0.06	-0.65	-0.71
514P	-2.52	-2.94	-5.46
514Q	-0.1	-0.56	-0.66
514R	-0.23	-0.6	-0.83
514S	0	0	0
514T	0.01	0.12	0.13
514V	-0.03	0.05	0.02
514W	-0.02	-0.23	-0.25
514Y	-0.12	-0.54	-0.66
514*	NA	-4.59	#VALUE!
515A	-0.65	-2.51	-3.16
515C	-0.86	-1.94	-2.8
515D	-2.93	-2.77	-5.7
515E	-1.09	-2.87	-3.96
515F	0	0	0
515G	-0.39	-1.92	-2.31
515H	-0.7	-2.61	-3.31
515I	-0.38	-1.21	-1.59
515K	-1.46	-3.07	-4.53
515L	-0.17	-0.74	-0.91
515M	-0.05	-0.38	-0.43
515N	-1.89	-2.63	-4.52
515P	-0.9	-2.48	-3.38
515Q	-0.32	-3.1	-3.42
515R	-1.34	-2.91	-4.25
515S	-1.09	-2.85	-3.94
515T	-0.74	-2.85	-3.59
515V	-0.42	-1.71	-2.13
515W	-0.29	-1.42	-1.71
515Y	-0.22	-1.02	-1.24
515*	NA	-3.74	#VALUE!
516A	-0.25	-1.32	-1.57
516C	-0.36	-2.58	-2.94
516D	-0.02	-0.15	-0.17
516E	0	0	0
516F	-0.46	-2.55	-3.01
516G	-0.15	-1.05	-1.2
516H	-0.08	-0.74	-0.82
516I	-0.36	-3.21	-3.57
516K	-0.15	-0.64	-0.79
516L	-0.54	-3.11	-3.65
516M	-0.32	-2.03	-2.35
516N	-0.06	-0.14	-0.2
516P	-0.24	-0.81	-1.05
516Q	-0.05	0.21	0.16
516R	-0.11	-0.63	-0.74
516S	-0.13	-0.62	-0.75
516T	-0.13	-0.75	-0.88
516V	-0.28	-2.18	-2.46
516W	-0.08	-0.6	-0.68
516Y	-0.3	-1.1	-1.4
516*	NA	-4.13	#VALUE!
517A	-0.08	-1.6	-1.68
517C	-0.03	-0.46	-0.49
517D	-0.02	-0.25	-0.27
517E	-0.07	-0.16	-0.23
517F	-0.02	-0.54	-0.56
517G	-0.01	0.04	0.03
517H	-0.05	-0.36	-0.41
517I	-0.07	-0.06	-0.13
517K	0.04	0.04	0.08
517L	0	0	0
517M	0.13	0.09	0.22
517N	-0.04	0.29	0.25
517P	-0.14	-0.5	-0.64
517Q	-0.01	-0.03	-0.04
517R	0.06	-0.23	-0.17
517S	0	-0.01	-0.01
517T	0	0.06	0.06
517V	-0.02	-0.33	-0.35
517W	-0.11	-0.61	-0.72
517Y	-0.01	-0.43	-0.44
517*	NA	-3.28	#VALUE!
518A	0.04	-0.13	-0.09
518C	0	0.11	0.11
518D	0.04	0.7	0.74
518E	0	0.68	0.68
518F	-0.06	-0.2	-0.26
518G	0	-0.03	-0.03
518H	-0.03	-0.01	-0.04
518I	0	-0.16	-0.16
518K	0	0.35	0.35
518L	0	0	0
518M	0	-0.08	-0.08
518N	0.03	0.13	0.16
518P	-0.09	-0.09	-0.18
518Q	0	0.06	0.06
518R	-0.11	-0.09	-0.2
518S	0.09	0.29	0.38
518T	0	0.24	0.24
518V	0.01	-0.03	-0.02
518W	-0.06	-0.33	-0.39
518Y	-0.02	-0.11	-0.13
518*	NA	-3.56	#VALUE!
519A	0.02	-0.03	-0.01
519C	-0.13	-0.23	-0.36
519D	0	0.27	0.27
519E	0.02	-2.87	-2.85
519F	-0.06	-0.65	-0.71
519G	0	-0.19	-0.19
519H	0	0	0
519I	-0.13	-0.67	-0.8
519K	-0.01	-1.4	-1.41
519L	-0.06	-0.45	-0.51
519M	-0.6	-1.99	-2.59
519N	0.05	0.22	0.27
519P	0.02	0.07	0.09
519Q	0	-0.05	-0.05
519R	-0.06	-0.13	-0.19
519S	0.05	0.01	0.06
519T	0.02	-0.01	0.01
519V	0.01	-0.37	-0.36
519W	-0.07	-0.41	-0.48
519Y	-0.05	-0.29	-0.34
519*	NA	-2.88	#VALUE!
520A	0	0	0
520C	-0.2	-0.28	-0.48
520D	-0.02	-0.05	-0.07
520E	0.03	0.01	0.04
520F	-0.06	-0.38	-0.44
520G	0.05	0.29	0.34
520H	0.01	-0.18	-0.17
520I	-0.16	-0.5	-0.66
520K	-0.02	-0.09	-0.11
520L	-0.03	-0.4	-0.43
520M	-0.05	-0.22	-0.27
520N	-0.05	-0.13	-0.18
520P	0.02	0.05	0.07
520Q	-0.02	-1.21	-1.23
520R	-0.03	-0.21	-0.24
520S	-0.04	-0.05	-0.09
520T	0	-0.07	-0.07
520V	-0.08	-0.23	-0.31
520W	-0.21	-1.75	-1.96
520Y	-0.02	-0.35	-0.37
520*	NA	-3.39	#VALUE!
521A	-0.04	-1.43	-1.47
521C	-0.11	-0.57	-0.68
521D	0	-0.09	-0.09
521E	0	-1.37	-1.37
521F	-0.15	-0.77	-0.92
521G	0.02	-0.17	-0.15
521H	0	-0.19	-0.19
521I	-0.2	-1.14	-1.34
521K	-0.08	-0.54	-0.62
521L	-0.2	-1.31	-1.51
521M	-0.08	-2.74	-2.82
521N	-0.06	0.25	0.19
521P	0	0	0
521Q	0	-1.12	-1.12
521R	-0.01	-0.16	-0.17
521S	0.04	-0.06	-0.02
521T	-0.03	-0.14	-0.17
521V	-0.06	-0.84	-0.9
521W	-0.57	-1.87	-2.44
521Y	-0.12	-1.88	-2
521*	NA	-3.01	#VALUE!
522A	0	0	0
522C	-0.07	-0.19	-0.26
522D	-0.04	-0.01	-0.05
522E	-0.01	-0.02	-0.03
522F	0	-0.65	-0.65
522G	0	0.04	0.04
522H	0.03	-0.17	-0.14
522I	-0.01	-0.14	-0.15
522K	0.01	0.03	0.04
522L	-0.05	-0.18	-0.23
522M	0.01	-0.03	-0.02
522N	0	-0.33	-0.33
522P	0.04	-0.27	-0.23
522Q	-0.04	0.09	0.05
522R	-0.02	-0.08	-0.1
522S	-0.03	-0.01	-0.04
522T	0.02	-0.02	0
522V	-0.03	-0.07	-0.1
522W	-0.02	-0.38	-0.4
522Y	0	0.2	0.2
522*	NA	-3.46	#VALUE!
523A	-0.03	-0.4	-0.43
523C	NA	NA	#VALUE!
523D	-0.23	-2.19	-2.42
523E	NA	NA	#VALUE!
523F	0.01	-0.3	-0.29
523G	-0.01	-2.9	-2.91
523H	0	-2.96	-2.96
523I	-0.09	-0.55	-0.64
523K	-0.02	-2.95	-2.97
523L	-0.1	NA	#VALUE!
523M	NA	-2.87	#VALUE!
523N	-0.02	-0.27	-0.29
523P	-0.01	-1.25	-1.26
523Q	0	-2.88	-2.88
523R	0	-1.31	-1.31
523S	-0.02	-1.34	-1.36
523T	0	0	0
523V	0	-0.09	-0.09
523W	NA	NA	#VALUE!
523Y	-0.01	-0.25	-0.26
523*	NA	NA	#VALUE!
524A	-0.07	-0.09	-0.16
524C	NA	NA	#VALUE!
524D	-0.53	-0.2	-0.73
524E	-0.1	NA	#VALUE!
524F	NA	NA	#VALUE!
524G	-0.02	-0.12	-0.14
524H	NA	NA	#VALUE!
524I	-0.06	-0.14	-0.2
524K	NA	NA	#VALUE!
524L	-0.01	-0.15	-0.16
524M	NA	NA	#VALUE!
524N	NA	NA	#VALUE!
524P	-1.31	-1.03	-2.34
524Q	NA	NA	#VALUE!
524R	-0.34	0.54	0.2
524S	NA	NA	#VALUE!
524T	-0.69	NA	#VALUE!
524V	0	0	0
524W	-1.08	-3	-4.08
524Y	-0.18	-0.95	-1.13
524*	NA	-2.83	#VALUE!
525A	-0.07	-0.18	-0.25
525C	0	0	0
525D	-0.05	0.19	0.14
525E	-0.02	-2.75	-2.77
525F	-0.02	-0.48	-0.5
525G	-0.25	-0.04	-0.29
525H	-0.49	-1.39	-1.88
525I	-0.05	-0.17	-0.22
525K	-0.07	-0.83	-0.9
525L	-0.07	-0.33	-0.4
525M	-0.03	-0.37	-0.4
525N	-0.02	-0.35	-0.37
525P	-0.84	-0.2	-1.04
525Q	-0.35	-0.4	-0.75
525R	-0.08	-0.64	-0.72
525S	-0.04	-0.17	-0.21
525T	-0.08	-0.58	-0.66
525V	-0.06	-1.79	-1.85
525W	-0.11	-0.87	-0.98
525Y	-0.02	-0.18	-0.2
525*	NA	-4.55	#VALUE!
526A	-0.06	-0.26	-0.32
526C	-0.11	-0.24	-0.35
526D	-0.08	-0.1	-0.18
526E	-0.01	-0.13	-0.14
526F	-0.06	-0.74	-0.8
526G	0	0	0
526H	0	NA	#VALUE!
526I	-0.12	-1.22	-1.34
526K	0	0.22	0.22
526L	-0.13	-0.4	-0.53
526M	0.02	-0.34	-0.32
526N	-0.1	-0.18	-0.28
526P	-0.01	-0.09	-0.1
526Q	-0.07	-0.01	-0.08
526R	-0.08	-0.3	-0.38
526S	-0.02	-0.14	-0.16
526T	0.01	-0.15	-0.14
526V	-0.04	-0.12	-0.16
526W	-0.08	-0.44	-0.52
526Y	-0.02	-0.31	-0.33
526*	NA	-3.83	#VALUE!
527A	0.02	0.25	0.27
527C	0	0.3	0.3
527D	0.01	0.19	0.2
527E	0.02	-0.05	-0.03
527F	0.02	0.01	0.03
527G	0.02	0.01	0.03
527H	-0.01	0.07	0.06
527I	0.01	0.22	0.23
527K	0.05	0.34	0.39
527L	0.04	0.41	0.45
527M	0.11	0.21	0.32
527N	0.01	0.05	0.06
527P	0	0	0
527Q	0.07	0.08	0.15
527R	0.03	0.19	0.22
527S	0.03	0.12	0.15
527T	0.02	0.16	0.18
527V	0.04	0.16	0.2
527W	-0.2	0.19	-0.01
527Y	0.03	0.09	0.12
527*	NA	-4.56	#VALUE!
528A	-0.02	0.08	0.06
528C	-0.01	-0.09	-0.1
528D	0	-0.2	-0.2
528E	-0.02	0.01	-0.01
528F	0.11	-0.22	-0.11
528G	0	0.14	0.14
528H	-0.01	-0.07	-0.08
528I	-0.06	-0.09	-0.15
528K	0	0	0
528L	0	-0.1	-0.1
528M	0.01	0	0.01
528N	0.02	0.18	0.2
528P	-0.16	-0.02	-0.18
528Q	0	0.04	0.04
528R	-0.01	0.04	0.03
528S	-0.01	0.04	0.03
528T	-0.02	-0.07	-0.09
528V	0.01	-0.1	-0.09
528W	-0.02	-0.09	-0.11
528Y	-0.06	-0.08	-0.14
528*	NA	-4.57	#VALUE!
529A	0	0.38	0.38
529C	0.01	0.11	0.12
529D	0.03	0	0.03
529E	-0.06	-0.06	-0.12
529F	0.03	0.08	0.11
529G	0.03	0.22	0.25
529H	-0.02	0.16	0.14
529I	0.01	0.05	0.06
529K	0	0	0
529L	-0.01	0	-0.01
529M	0.03	0	0.03
529N	-0.08	0.02	-0.06
529P	0.01	0.03	0.04
529Q	0.02	0.03	0.05
529R	-0.1	0.07	-0.03
529S	0.01	0.13	0.14
529T	-0.04	0.15	0.11
529V	0.07	-0.01	0.06
529W	0	0.03	0.03
529Y	0	0.07	0.07
529*	NA	-4.56	#VALUE!
530A	0	0.17	0.17
530C	-0.01	0.05	0.04
530D	-0.01	-0.05	-0.06
530E	0.05	0.21	0.26
530F	0.04	-0.12	-0.08
530G	-0.06	0.07	0.01
530H	0	-0.08	-0.08
530I	0.02	0.1	0.12
530K	-0.02	-0.23	-0.25
530L	0.02	-0.06	-0.04
530M	0.05	-0.08	-0.03
530N	0.08	0.06	0.14
530P	0.02	0	0.02
530Q	-0.04	0.02	-0.02
530R	-0.05	-0.22	-0.27
530S	0	0	0
530T	-0.01	-0.01	-0.02
530V	0.01	0.01	0.02
530W	-0.01	-0.18	-0.19
530Y	0.02	-0.12	-0.1
530*	NA	-4.54	#VALUE!
531A	0	-0.02	-0.02
531C	-0.03	-0.03	-0.06
531D	-0.01	0.03	0.02
531E	0.01	0.03	0.04
531F	-0.06	-0.02	-0.08
531G	0.01	0.08	0.09
531H	0.02	0.01	0.03
531I	-0.01	-0.05	-0.06
531K	-0.01	-0.02	-0.03
531L	0.01	0	0.01
531M	-0.01	0	-0.01
531N	-0.01	0.06	0.05
531P	0.01	-0.02	-0.01
531Q	-0.01	0	-0.01
531R	-0.01	-0.07	-0.08
531S	0.01	0.02	0.03
531T	0	0	0
531V	0.01	-0.06	-0.05
531W	-0.02	-0.08	-0.1
531Y	-0.01	-0.05	-0.06
531*	NA	-4.55	#VALUE!
