Group	Mut	340D	340K	346I	346S	352S	354D	368I	372V	373L	376I	384L	384S	394S	408I	411S	419S	427N	427Y	430I	444M	444N	444R	445A	445F	446D	446V	452M	455F	455S	463R	463S	463T	476S	477I	478I	478R	479L	479S	483F	484Q	484V	490S	493L	494L	494P	514F	522P	522S	522V	523A
Other	B.1	0.004237288	0	0	0	0.012711864	0.025423729	0	0.008474576	0.021186441	0.029661017	0.084745763	0.042372881	0	0.029661017	0.012711864	0.012711864	0	0.008474576	0.016949153	0	0.016949153	0.021186441	0	0.004237288	0.004237288	0.097457627	0.004237288	0.012711864	0	0	0.029661017	0	0.008474576	0.046610169	0.008474576	0.004237288	0.008474576	0.021186441	0.033898305	0.046610169	0.008474576	0.025423729	0	0.038135593	0.084745763	0.012711864	0.004237288	0.063559322	0.084745763	0
Other	B.1.1	0	0	0.00877193	0	0	0.00877193	0	0.00877193	0	0.00877193	0.078947368	0.026315789	0.00877193	0.026315789	0.026315789	0.00877193	0	0.026315789	0	0	0.01754386	0.01754386	0	0.00877193	0	0.087719298	0.00877193	0.01754386	0	0	0.026315789	0	0.00877193	0.035087719	0.00877193	0	0	0.035087719	0.043859649	0.043859649	0	0.026315789	0	0.035087719	0.140350877	0.026315789	0.01754386	0.070175439	0.087719298	0
Other	B.1.2	0	0	0.009345794	0	0.009345794	0.018691589	0	0.009345794	0.009345794	0.046728972	0.065420561	0.028037383	0	0.037383178	0	0	0	0	0	0	0	0	0	0.009345794	0	0.08411215	0.018691589	0.028037383	0	0	0.037383178	0	0.037383178	0.009345794	0.009345794	0.009345794	0.009345794	0.018691589	0.037383178	0.056074766	0	0.046728972	0.009345794	0.018691589	0.102803738	0.018691589	0.009345794	0.093457944	0.102803738	0
Other	B.1.177	0	0	0.007751938	0	0	0.015503876	0	0.023255814	0.023255814	0.046511628	0.085271318	0.046511628	0	0.031007752	0.015503876	0.023255814	0.007751938	0.031007752	0.007751938	0	0	0.007751938	0	0	0	0.07751938	0	0.062015504	0	0	0.023255814	0	0.03875969	0.031007752	0.023255814	0	0.015503876	0.015503876	0.007751938	0.03875969	0	0.015503876	0	0.007751938	0.124031008	0.03875969	0	0.023255814	0.085271318	0
Other	B.1.429	0	0	0	0	0.01754386	0	0	0.01754386	0.01754386	0.01754386	0.070175439	0.01754386	0	0.01754386	0.01754386	0.01754386	0	0.01754386	0.035087719	0	0	0	0	0	0	0.140350877	0	0.140350877	0	0	0	0	0.01754386	0.052631579	0.01754386	0	0	0.035087719	0.052631579	0.035087719	0	0.01754386	0	0	0.087719298	0.035087719	0.035087719	0.052631579	0.01754386	0
Other	B.1.351	0	0	0	0	0.083333333	0.083333333	0	0	0.083333333	0	0.083333333	0.083333333	0	0	0	0	0	0.083333333	0	0	0	0	0	0	0	0	0	0	0	0	0	0	0	0	0	0.083333333	0	0	0	0	0	0.166666667	0	0	0	0	0	0	0.25	0
Other	B.1.1.7	0.002487562	0.001243781	0.007462687	0.004975124	0.009950249	0.01119403	0.001243781	0.016169154	0.017412935	0.01119403	0.080845771	0.041044776	0.001243781	0.029850746	0.01119403	0.003731343	0.002487562	0.018656716	0.008706468	0.002487562	0.028606965	0.01119403	0.003731343	0.003731343	0.002487562	0.083333333	0.01119403	0.078358209	0.003731343	0	0.014925373	0	0.019900498	0.028606965	0.026119403	0	0.013681592	0.041044776	0.053482587	0.027363184	0	0.073383085	0.004975124	0.002487562	0.075870647	0.021144279	0.007462687	0.03358209	0.039800995	0.006218905
Other	B.1.526	0	0	0.048780488	0	0.024390244	0	0	0.024390244	0.073170732	0	0.12195122	0.073170732	0.024390244	0.048780488	0	0.024390244	0	0	0	0	0	0	0	0	0	0.170731707	0.024390244	0.048780488	0.024390244	0	0.024390244	0	0.024390244	0	0	0	0	0.024390244	0	0.024390244	0	0.048780488	0	0	0.024390244	0.024390244	0	0	0.073170732	0
Other	P.1	0	0	0	0	0.035714286	0.035714286	0	0.071428571	0.035714286	0	0.071428571	0	0	0.035714286	0	0	0.071428571	0.071428571	0	0	0.035714286	0.035714286	0	0	0	0.107142857	0	0	0	0	0	0	0.035714286	0.035714286	0.107142857	0	0	0	0.035714286	0	0	0	0	0	0.071428571	0	0.035714286	0.035714286	0.035714286	0
Delta	AY.26	0	0	0.011904762	0.011904762	0	0.011904762	0	0	0	0.047619048	0.035714286	0.011904762	0	0.011904762	0.035714286	0	0	0	0	0.011904762	0	0.035714286	0	0.011904762	0.011904762	0.297619048	0	0.011904762	0	0	0.023809524	0	0.023809524	0.011904762	0	0	0.071428571	0	0.047619048	0.023809524	0	0.035714286	0	0.047619048	0.035714286	0.011904762	0	0	0.107142857	0
Delta	AY.5	0	0.01010101	0.02020202	0	0	0.01010101	0	0	0	0.03030303	0.01010101	0.02020202	0.01010101	0.050505051	0.050505051	0.02020202	0.01010101	0.01010101	0	0	0.03030303	0.01010101	0	0.02020202	0	0.171717172	0	0.01010101	0	0	0.04040404	0.01010101	0.03030303	0.060606061	0	0.01010101	0.03030303	0.03030303	0.060606061	0.03030303	0	0	0	0.090909091	0.04040404	0.02020202	0.02020202	0.02020202	0.01010101	0
Delta	AY.4	0.004331683	0.004950495	0.007425743	0.004331683	0.006188119	0.003712871	0.001856436	0.011757426	0.016707921	0.021658416	0.030940594	0.021039604	0.000618812	0.021658416	0.015470297	0.016707921	0	0.011138614	0.008663366	0.001237624	0.021039604	0.006806931	0.005569307	0.004331683	0.002475248	0.181311881	0	0.030940594	0	0	0.035891089	0	0.034653465	0.059405941	0.003094059	0.002475248	0.029084158	0.043935644	0.053836634	0.034653465	0.005569307	0.011757426	0.007425743	0.064356436	0.027846535	0.033415842	0.008044554	0.036509901	0.045173267	0
Delta	AY.122	0.010471204	0.005235602	0.005235602	0	0.015706806	0.015706806	0	0.005235602	0.010471204	0.031413613	0.010471204	0.005235602	0.005235602	0.010471204	0.041884817	0.031413613	0.005235602	0.015706806	0.010471204	0	0.005235602	0	0	0.010471204	0	0.246073298	0	0.041884817	0	0	0.020942408	0	0.041884817	0.031413613	0	0.010471204	0.031413613	0.036649215	0.036649215	0.031413613	0.005235602	0.036649215	0.005235602	0.031413613	0.041884817	0.031413613	0.010471204	0.020942408	0.036649215	0
Delta	AY.98	0	0	0.008130081	0	0	0	0	0.040650407	0.032520325	0.016260163	0.040650407	0	0	0.024390244	0.008130081	0.056910569	0.008130081	0.024390244	0	0	0.016260163	0	0	0	0	0.178861789	0	0.073170732	0	0	0.008130081	0	0.048780488	0.032520325	0	0	0.032520325	0.016260163	0.040650407	0.016260163	0.016260163	0.008130081	0.008130081	0.06504065	0.048780488	0.040650407	0.008130081	0	0.081300813	0
Delta	AY.44	0.007125891	0.002375297	0.009501188	0	0.004750594	0	0	0.011876485	0.011876485	0.011876485	0.014251781	0.019002375	0.004750594	0.019002375	0.009501188	0.021377672	0.002375297	0.009501188	0.004750594	0.007125891	0.021377672	0.004750594	0.004750594	0	0.002375297	0.209026128	0	0.035629454	0	0	0.021377672	0	0.033254157	0.059382423	0.004750594	0.004750594	0.047505938	0.071258907	0.035629454	0.042755344	0.009501188	0.016627078	0.011876485	0.073634204	0.021377672	0.026128266	0.016627078	0.011876485	0.038004751	0.004750594
Delta	AY.47	0	0	0.014925373	0	0	0	0	0	0.029850746	0.059701493	0.029850746	0	0	0.014925373	0.014925373	0.044776119	0	0.014925373	0.014925373	0	0	0	0	0	0	0.179104478	0	0.074626866	0	0	0	0	0.029850746	0.059701493	0.014925373	0	0.014925373	0.014925373	0.104477612	0.044776119	0.014925373	0	0	0.059701493	0.044776119	0.059701493	0	0.014925373	0.029850746	0
Delta	AY.25	0	0.006802721	0.013605442	0.010204082	0.010204082	0.003401361	0.003401361	0.006802721	0.006802721	0.013605442	0.044217687	0.010204082	0	0.013605442	0.030612245	0.010204082	0	0.013605442	0.013605442	0	0.020408163	0.020408163	0	0	0.010204082	0.18707483	0	0.034013605	0	0	0.027210884	0	0.027210884	0.037414966	0.006802721	0.003401361	0.040816327	0.054421769	0.034013605	0.054421769	0.003401361	0.006802721	0	0.074829932	0.044217687	0.013605442	0.003401361	0.023809524	0.057823129	0.003401361
Delta	AY.3	0.003205128	0.003205128	0.006410256	0.003205128	0.009615385	0	0	0.016025641	0.016025641	0.025641026	0.016025641	0.016025641	0	0.003205128	0.032051282	0.009615385	0.003205128	0.009615385	0	0.003205128	0.016025641	0.012820513	0	0	0.003205128	0.198717949	0	0.041666667	0	0	0.038461538	0	0.03525641	0.032051282	0	0.006410256	0.019230769	0.041666667	0.067307692	0.048076923	0.009615385	0.019230769	0.016025641	0.054487179	0.032051282	0.044871795	0.006410256	0.022435897	0.057692308	0
Delta	AY.43	0.003875969	0	0.003875969	0	0.007751938	0	0	0.015503876	0.023255814	0.023255814	0.027131783	0.023255814	0	0.003875969	0.007751938	0.027131783	0	0.007751938	0.003875969	0	0.023255814	0.011627907	0	0.011627907	0	0.248062016	0	0.058139535	0	0	0.031007752	0	0.027131783	0.050387597	0	0.011627907	0.054263566	0.034883721	0.046511628	0.019379845	0.003875969	0.015503876	0	0.054263566	0.031007752	0.03875969	0.003875969	0.011627907	0.034883721	0
Delta	AY.39	0.009433962	0.009433962	0.028301887	0.009433962	0.018867925	0	0	0.018867925	0.018867925	0.009433962	0.009433962	0.028301887	0	0.018867925	0.037735849	0.018867925	0	0.018867925	0	0	0.018867925	0.009433962	0.009433962	0	0	0.160377358	0	0	0.009433962	0	0.037735849	0	0.028301887	0.037735849	0	0	0.028301887	0.047169811	0.037735849	0.009433962	0.009433962	0	0.009433962	0.037735849	0.047169811	0.047169811	0.009433962	0.047169811	0.08490566	0.018867925
Delta	AY.103	0.001890359	0.007561437	0.005671078	0.003780718	0.005671078	0.007561437	0	0.009451796	0.003780718	0.026465028	0.024574669	0.015122873	0	0.009451796	0.015122873	0.018903592	0	0.017013233	0.013232514	0	0.02268431	0.018903592	0.005671078	0.007561437	0.003780718	0.202268431	0	0.049149338	0.003780718	0	0.020793951	0	0.035916824	0.041587902	0	0.003780718	0.020793951	0.052930057	0.039697543	0.028355388	0.007561437	0.011342155	0.005671078	0.052930057	0.051039698	0.026465028	0.007561437	0.028355388	0.066162571	0
Delta	AY.100	0.006451613	0.006451613	0	0.019354839	0	0.006451613	0	0.012903226	0.019354839	0.032258065	0.04516129	0.012903226	0.012903226	0.012903226	0.019354839	0	0.006451613	0	0.012903226	0.006451613	0.025806452	0.006451613	0.006451613	0.006451613	0.006451613	0.225806452	0	0.038709677	0	0	0.051612903	0	0.025806452	0.051612903	0	0	0.019354839	0.025806452	0.04516129	0.025806452	0.012903226	0.006451613	0	0.038709677	0.025806452	0.019354839	0	0.051612903	0.051612903	0
BA1	BA.1	0.027027027	0.036036036	0.013513514	0.004504505	0	0.013513514	0.018018018	0	0	0	0.004504505	0.040540541	0.013513514	0	0	0	0	0	0.072072072	0	0.009009009	0.009009009	0.018018018	0	0	0	0.009009009	0.027027027	0.045045045	0	0.004504505	0.004504505	0	0	0	0	0	0	0.018018018	0.004504505	0.117117117	0.009009009	0.234234234	0	0.054054054	0.004504505	0.022522523	0.018018018	0.130630631	0.018018018
BA1	BA.1.17	0	0	0	0.041666667	0	0	0.125	0	0	0	0	0.041666667	0.041666667	0	0	0	0	0	0.083333333	0	0	0.041666667	0	0	0	0	0	0.041666667	0.083333333	0	0	0	0	0	0	0	0	0	0	0	0.166666667	0	0.291666667	0	0	0	0	0	0.041666667	0
BA1	BA.1.18	0	0	0	0	0	0	0.142857143	0	0	0	0.071428571	0	0	0	0	0	0	0	0.142857143	0	0	0	0.071428571	0	0	0	0.142857143	0.071428571	0	0	0	0	0	0	0	0	0	0.071428571	0	0	0.142857143	0	0.071428571	0	0	0	0	0	0.071428571	0
BA1	BA.1.20	0	0.047619048	0	0	0	0	0.142857143	0	0	0	0	0	0.142857143	0	0	0	0	0	0.142857143	0	0	0	0	0	0	0	0.047619048	0	0.047619048	0	0.047619048	0.047619048	0	0	0	0	0.047619048	0	0	0	0.095238095	0	0.095238095	0	0	0	0	0	0.095238095	0
BA1	BA.1.15	0.030927835	0.041237113	0	0	0	0	0.030927835	0	0	0	0.051546392	0.041237113	0	0	0	0	0.010309278	0	0.051546392	0	0	0.010309278	0.010309278	0	0	0	0.010309278	0.06185567	0.051546392	0.010309278	0.041237113	0.010309278	0	0.010309278	0	0	0	0	0.010309278	0	0.113402062	0	0.051546392	0	0.020618557	0.010309278	0.051546392	0.010309278	0.154639175	0.103092784
BA1	BA.1.1.18	0.075	0	0	0	0	0	0	0	0	0	0.025	0.025	0	0	0	0	0	0	0.075	0	0.05	0.025	0	0	0	0	0	0.075	0.1	0	0.1	0.075	0	0	0	0	0	0	0	0	0.125	0	0.05	0	0.025	0	0.075	0	0.05	0.05
BA1	BA.1.17.2	0.053846154	0.023076923	0.038461538	0.015384615	0	0.023076923	0.030769231	0.007692308	0	0	0.007692308	0.046153846	0	0	0	0	0.015384615	0	0.038461538	0	0	0.007692308	0.015384615	0.007692308	0	0	0.015384615	0.038461538	0.038461538	0	0.007692308	0	0	0	0	0.015384615	0.007692308	0	0	0	0.1	0.007692308	0.315384615	0	0.046153846	0	0.007692308	0.007692308	0.046153846	0.015384615
BA1	BA.1.1	0.034437086	0.02384106	0	0	0	0.017218543	0.01986755	0	0	0	0.006622517	0.029139073	0.00397351	0.001324503	0.001324503	0	0	0.002649007	0.049006623	0.002649007	0.013245033	0.009271523	0.018543046	0.00794702	0	0	0.021192053	0.054304636	0.103311258	0.00794702	0.041059603	0.055629139	0.00397351	0	0	0.006622517	0.002649007	0.005298013	0.002649007	0	0.140397351	0.01192053	0.116556291	0	0.079470199	0.001324503	0.017218543	0.00794702	0.045033113	0.034437086
BA1	BA.1.15.1	0.052631579	0.026315789	0	0.026315789	0	0	0	0	0	0	0.026315789	0.026315789	0.052631579	0.026315789	0	0	0	0	0.131578947	0	0	0.052631579	0.026315789	0	0	0	0.052631579	0	0	0	0	0	0	0	0	0	0	0.026315789	0	0	0.052631579	0.026315789	0.315789474	0	0.052631579	0	0	0	0.026315789	0
BA1	BA.1.1.1	0	0.083333333	0	0	0	0	0	0	0	0	0	0	0	0	0	0	0	0	0.083333333	0	0	0	0	0	0	0	0	0	0.166666667	0	0.083333333	0	0	0	0	0.041666667	0	0	0	0	0.291666667	0	0.083333333	0	0	0	0.166666667	0	0	0
BA2	BA.2.10	0	0	0	0.052631579	0	0	0.052631579	0	0	0	0	0	0	0	0	0	0	0	0.052631579	0	0	0.052631579	0	0	0	0.052631579	0.052631579	0	0	0	0.052631579	0.157894737	0	0	0	0	0	0	0	0	0	0	0.210526316	0	0.210526316	0	0	0	0.052631579	0
BA2	BA.2.3	0	0.038961039	0	0	0	0	0.012987013	0	0	0	0	0.012987013	0	0	0	0	0	0	0.012987013	0	0.025974026	0.051948052	0.025974026	0	0	0	0.051948052	0.012987013	0.012987013	0.064935065	0.142857143	0.116883117	0	0	0	0.025974026	0.012987013	0	0	0	0.012987013	0.064935065	0.077922078	0	0.168831169	0	0	0.012987013	0.038961039	0
BA2	BA.2.9	0.04494382	0.056179775	0	0	0	0	0	0	0	0	0	0.011235955	0	0	0	0	0.011235955	0	0.033707865	0	0.033707865	0.08988764	0.033707865	0.011235955	0.04494382	0	0.06741573	0.033707865	0.011235955	0.011235955	0.02247191	0.02247191	0.02247191	0	0	0.06741573	0	0.02247191	0.011235955	0	0.033707865	0.06741573	0.04494382	0	0.146067416	0.011235955	0.011235955	0	0.02247191	0
BA2	BA.2	0.026315789	0.051169591	0.011695906	0.00877193	0.005847953	0.00877193	0.007309942	0.001461988	0	0	0	0.019005848	0.002923977	0	0.001461988	0	0.002923977	0.001461988	0.035087719	0	0.032163743	0.048245614	0.011695906	0.011695906	0.023391813	0.002923977	0.078947368	0.042397661	0.007309942	0.011695906	0.040935673	0.036549708	0.016081871	0	0.002923977	0.023391813	0.007309942	0.007309942	0.00877193	0	0.045321637	0.046783626	0.08625731	0	0.169590643	0.002923977	0.016081871	0.010233918	0.024853801	0
BA2	BA.2.12.1	0.014925373	0	0.019900498	0.009950249	0.014925373	0.004975124	0	0	0	0	0	0.019900498	0	0	0.004975124	0	0	0.009950249	0.064676617	0.004975124	0.208955224	0.074626866	0.029850746	0.019900498	0.014925373	0.014925373	0	0.049751244	0.004975124	0.004975124	0.029850746	0.054726368	0.004975124	0	0.014925373	0.034825871	0.019900498	0	0.014925373	0	0.054726368	0.009950249	0	0	0.114427861	0.004975124	0.019900498	0.009950249	0.019900498	0
BA45	BA.4	0	0	0.08	0.08	0	0	0	0	0	0	0	0.02	0	0	0.02	0	0	0	0.1	0.04	0.24	0.08	0.08	0.02	0.04	0.02	0	0	0.02	0	0	0	0	0	0	0	0.02	0.02	0	0	0.06	0	0	0	0.04	0	0	0.02	0	0
BA45	BA.4.1	0	0	0.072463768	0.028985507	0	0.014492754	0	0	0	0	0	0.028985507	0	0	0	0	0	0	0.057971014	0.028985507	0.188405797	0.15942029	0.072463768	0.028985507	0.028985507	0.028985507	0	0	0.014492754	0	0	0.014492754	0.028985507	0	0	0	0.028985507	0	0.028985507	0	0.057971014	0	0	0.014492754	0.028985507	0.014492754	0.014492754	0	0.014492754	0
BA45	BA.5	0	0	0.08	0.04	0	0	0	0	0	0	0	0	0	0	0	0	0	0	0.12	0	0.16	0.12	0.04	0.12	0	0	0	0	0	0	0	0	0	0	0	0	0	0	0.08	0	0.04	0	0	0	0.08	0	0.08	0.04	0	0
BA45	BA.5.1	0	0.014354067	0.052631579	0.028708134	0	0.004784689	0	0	0	0	0	0.023923445	0	0	0	0	0.004784689	0.004784689	0.043062201	0.014354067	0.162679426	0.133971292	0.09569378	0.062200957	0.028708134	0.052631579	0	0.014354067	0	0	0.004784689	0	0.004784689	0	0.014354067	0.038277512	0.023923445	0	0.009569378	0	0.062200957	0.014354067	0	0	0.04784689	0	0.004784689	0.019138756	0.014354067	0
BA45	BA.5.5	0	0	0.028571429	0.1	0.028571429	0	0	0	0	0	0	0.014285714	0	0	0.014285714	0	0.014285714	0.014285714	0.057142857	0	0.171428571	0.085714286	0.1	0.014285714	0.071428571	0.014285714	0	0	0	0	0	0	0.028571429	0	0	0.057142857	0.014285714	0.014285714	0.014285714	0	0.014285714	0.028571429	0	0.014285714	0.057142857	0	0	0.028571429	0	0
BA45	BE.1	0	0.015384615	0.076923077	0.061538462	0	0	0	0	0	0	0	0.015384615	0	0	0	0	0.015384615	0.015384615	0.061538462	0.076923077	0.153846154	0.123076923	0.030769231	0.076923077	0.015384615	0.015384615	0	0.015384615	0	0	0	0	0	0	0.015384615	0.015384615	0	0.030769231	0.015384615	0	0.061538462	0	0	0	0.061538462	0.015384615	0.015384615	0	0	0
BA45	BA.5.6	0	0	0.054545455	0.054545455	0	0	0	0	0	0	0	0	0	0	0	0	0	0	0.109090909	0.018181818	0.163636364	0.181818182	0.036363636	0.072727273	0.054545455	0.018181818	0	0	0	0	0	0	0.054545455	0	0	0	0	0	0.018181818	0	0.072727273	0	0	0	0.072727273	0	0	0	0.018181818	0
BA45	BA.5.2.1	0.004098361	0.012295082	0.032786885	0.020491803	0.004098361	0.008196721	0	0	0	0	0	0.008196721	0	0	0.004098361	0	0	0.004098361	0.053278689	0.040983607	0.180327869	0.114754098	0.057377049	0.069672131	0.024590164	0.049180328	0	0.008196721	0.004098361	0	0	0	0.024590164	0	0.004098361	0.040983607	0.020491803	0	0.016393443	0	0.069672131	0.008196721	0	0	0.06557377	0.004098361	0.012295082	0.028688525	0.004098361	0
BA45	BA.5.2	0.004098361	0.004098361	0.069672131	0.057377049	0.008196721	0.008196721	0	0	0	0	0	0.036885246	0	0	0	0	0	0	0.028688525	0.032786885	0.168032787	0.102459016	0.090163934	0.06147541	0.06147541	0.032786885	0	0.008196721	0	0	0.008196721	0	0.008196721	0	0.012295082	0.028688525	0.012295082	0	0.020491803	0	0.053278689	0.008196721	0	0.004098361	0.040983607	0	0.008196721	0.020491803	0	0
BA45	BA.4.6	0	0	0.051724138	0	0.034482759	0	0	0	0	0	0	0.051724138	0	0	0	0	0	0	0.068965517	0.017241379	0.103448276	0.051724138	0.103448276	0.034482759	0	0.034482759	0	0	0	0	0	0	0.017241379	0	0.034482759	0.086206897	0.034482759	0	0.051724138	0	0.068965517	0.017241379	0	0	0.120689655	0	0.017241379	0	0	0
