Group	Mut	1130F	1202N	1312I	131V	1322I	1587L	1803S	2087I	2103F	2152I	2183I	2355S	2501T	2697G	2796T	2797F	2798R	2855D	2967I	3058I	3076Y	309L	3143V	3244L	3261I	3644F	3673G	3829F	4065I	4129I	4175I	4249I	4355I	4370F	4545Y	4899I	4921V	498V	519S	5342V	5371L	540V	5674L	5805M	6240I	6464R	6614F	6833I	6958R	927L	944L	971L	99C
WT	B.1	0.000808709	0.000808709	0.000404355	0.000248834	0.000217729	0.000342146	0.000808709	0.001057543	0.001057543	0.000497667	0.000746501	0.002923795	0.000217729	0	0.000124417	0.001057543	0.000279938	0	0.001679627	0.001648523	0.001275272	0.001430793	0.001213064	0.000715397	0.001119751	0.000746501	0	0.001524106	0.001741835	0.000559876	0.001119751	0.000870918	0.000839813	0	0.000279938	0	0.000808709	0.001119751	0.002083981	0.00155521	0.000870918	0.001430793	0.000933126	0.00096423	0.000497667	0.000124417	0.000995334	0.00096423	0.004012442	0.001150855	0.002457232	0.001150855	9.33E-05
WT	B.1.1	0.000711974	0.001229773	0.000517799	0.00012945	0.00012945	0.00012945	0.000970874	0.000776699	0.001035599	0.000517799	0.000711974	0.002912621	6.47E-05	0	0	0.001165049	0.000517799	0	0.000647249	0.001747573	0.001618123	0.001618123	0.001165049	0.000323625	0.000970874	0.000453074	0	0.001165049	0.001229773	0.000711974	0.000776699	0.000906149	0.000970874	6.47E-05	0.0002589	0	0.000517799	0.001165049	0.002459547	0.001100324	0.000582524	0.001229773	0.000906149	0.001229773	0.00038835	0	0.000841424	0.001229773	0.003430421	0.000906149	0.003171521	0.000906149	0.000194175
WT	B.1.2	0.000509392	0.00063674	0.000700414	0.000254696	0.000382044	0.000254696	0.001209806	0.001146132	0.001528176	0.000445718	0.000827762	0.001846546	0.000127348	0	0	0.001209806	0.00031837	0	0.003120025	0.001846546	0.002355938	0.002419612	0.001528176	0.001018784	0.000127348	0.000827762	0	0.002292264	0.001400828	0.000891436	0.000891436	0.000382044	0.00063674	0	0.000191022	0	0.00063674	0.001082458	0.00159185	0.002992677	0.000764088	0.001782872	0.001337154	0.001528176	0.00031837	0	0.000700414	0.001018784	0.003820439	0.001400828	0.003056351	0.001655524	0.000191022
WT	B.1.177	0.001131791	0.000377264	0.000188632	0.000251509	6.29E-05	0.00069165	0.00069165	0.001068913	0.001194668	0.000314386	0.000565895	0.000125755	0.000314386	0	0	0.000880282	0	0	0.000628773	0.002829477	0.002137827	0.0013833	0.001634809	0.000754527	0.002326459	0.001068913	6.29E-05	0.001068913	0.001886318	0.000817404	0.001131791	0.000503018	0.00069165	0	0.000377264	0	0.000628773	0.001131791	0.001886318	0.001131791	0.000503018	0.001634809	0.000880282	0.000503018	0.000377264	0.000188632	0.000754527	0.000943159	0.003080986	0.0013833	0.002955231	0.000943159	0.000188632
WT	B.1.429	0.001069138	0.000534569	0.000356379	0	0.00017819	0.000356379	0.000712758	0.000534569	0.001247327	0.000356379	0.000712758	0.011760513	0.000356379	0	0	0.001247327	0.002138275	0	0.000356379	0.000356379	0.000356379	0.001069138	0.000356379	0.001069138	0	0.000356379	0	0.001960086	0.000890948	0	0.001603706	0.000890948	0.001069138	0	0.00017819	0	0.001425517	0.001425517	0.002138275	0.000534569	0.001603706	0.000890948	0.001960086	0.001603706	0	0.00017819	0.00017819	0.001960086	0.002851033	0.000712758	0.004098361	0.001069138	0.00017819
WT	B.1.351	0.002159827	0.001439885	0.001439885	0	0	0	0.000719942	0.001439885	0	0	0.002159827	0.006479482	0.000719942	0	0	0.008639309	0.00287977	0	0	0.002159827	0	0.002159827	0.000719942	0.000719942	0	0.000719942	0	0.018718503	0.003599712	0.000719942	0.001439885	0	0.001439885	0	0.000719942	0	0.004319654	0	0.004319654	0	0.001439885	0.000719942	0	0	0.000719942	0	0	0.000719942	0.004319654	0.000719942	0.001439885	0.001439885	0.000719942
WT	B.1.1.7	0.000777061	0.000943574	0.000677153	0.000244219	9.99E-05	0.000621649	0.000810364	0.000843666	0.001409811	0.000566145	0.003019438	0.007293274	0.00012211	1.11E-05	1.11E-05	0.000999079	0.000843666	0	0.000943574	0.000466237	0.000788162	0.001942653	0.001243298	0.000932473	0.000688254	0.000821465	0	0.009469045	0.002109166	0.00088807	0.001698434	0.001043482	0.001409811	0	0.000244219	1.11E-05	0.000832566	0.001232197	0.002075863	0.000810364	0.000721557	0.001321004	0.00063275	0.000987978	0.00051064	5.55E-05	0.001065684	0.001098986	0.003474573	0.001387609	0.002619806	0.001198894	0.000244219
WT	B.1.526	0.000467654	0.000935308	0.000467654	0.000311769	0.000779423	0.000311769	0.001091193	0.000779423	0.002494154	0.000155885	0.001558846	0.013250195	0.000155885	0	0	0.001247077	0.000935308	0	0.002182385	0.000155885	0	0.001870616	0.000623539	0.000779423	0	0.000623539	0	0.004520655	0.000935308	0.001247077	0.001870616	0.001091193	0.001402962	0	0.000467654	0	0.000467654	0.001714731	0.004053001	0.001558846	0.000779423	0.000779423	0.000623539	0.001714731	0.000155885	0.003429462	0.000779423	0.001247077	0.005767732	0.000623539	0.002494154	0.001402962	0.000311769
WT	P.1	0.000445931	0.000668896	0	0.000445931	0	0.000222965	0.001114827	0.000891862	0.002006689	0.001337793	0.004013378	0.020735786	0	0	0	0.000222965	0.005797101	0	0.003790412	0.000222965	0.000891862	0.001560758	0.000668896	0.000891862	0	0.000222965	0.000222965	0.010702341	0.001337793	0.001337793	0.001560758	0	0.001337793	0	0	0	0.000222965	0.000445931	0.002006689	0.002006689	0.001114827	0.001114827	0.000222965	0.001114827	0.000445931	0	0.002006689	0.001560758	0.004013378	0.001114827	0.002675585	0.000445931	0.000222965
Delta	AY.26	0.000319489	0.000638978	0.000638978	0.000159744	0.000479233	0.000319489	0.000479233	0.000479233	0.001277955	0.000159744	0.000958466	0.033865815	0	0	0	0.000958466	0.001277955	0	0.0014377	0.001118211	0.003194888	0.000958466	0.000798722	0	0.000159744	0.000159744	0	0.002555911	0.000958466	0.000958466	0.000479233	0.001118211	0.000479233	0	0.000159744	0	0.000319489	0.000958466	0.003035144	0.001597444	0.000159744	0.000479233	0.000798722	0.000638978	0.000159744	0.000159744	0.000798722	0.000159744	0.005591054	0.000958466	0.0014377	0.000479233	0.001118211
Delta	AY.5	0.000504732	0.001135647	0.000126183	0.000883281	0	0.000630915	0.000630915	0.001009464	0.000757098	0.000126183	0.000378549	0.002776025	0.000126183	0	0.000126183	0.000883281	0.000126183	0.003280757	0.001514196	0.001009464	0.00126183	0.001514196	0.001009464	0.000252366	0	0.000630915	0	0.000630915	0.001009464	0.000757098	0.000630915	0.002271293	0.000504732	0	0.000252366	0.000126183	0.001514196	0.000630915	0.003280757	0.002397476	0.000378549	0.000504732	0.001009464	0.000504732	0.000378549	0	0.001388013	0.001388013	0.00340694	0.00126183	0.002523659	0.000630915	0.000630915
Delta	AY.4	0.000483077	0.000921563	0.000208095	0.001166818	0.000118911	0.000297278	0.000676308	0.000654013	0.000906699	0.000423622	0.00041619	0.000408758	0.000148639	0	2.97E-05	0.000691172	2.97E-05	0.000943859	0.00159044	0.000988451	0.001642463	0.000921563	0.000891835	0.000505373	0.000133775	0.000505373	1.49E-05	0.001010747	0.000936427	0.000594557	0.000847243	0.001308025	0.000914131	1.49E-05	0.000245255	0.000178367	0.000839812	0.000943859	0.003797732	0.001612735	0.000312142	0.000854675	0.001077634	0.000899267	0.000237823	5.95E-05	0.000616853	0.000988451	0.003582205	0.000928995	0.001902582	0.001018179	0.000906699
Delta	AY.122	0.000252541	0.001262706	0.000441947	0.000883894	0.000189406	0.000252541	0.000441947	0.000694488	0.000883894	0.000505082	0.000694488	0.006566071	0.000189406	0	0	0.000757624	0.000757624	0.000126271	0.001578382	0.001452112	0.001894059	0.001515247	0.001010165	0.000252541	0	0.000378812	0	0.000757624	0.000947029	0.000441947	0.000505082	0.002083465	0.000757624	0	0.000252541	6.31E-05	0.000820759	0.000631353	0.003283036	0.001641518	0.000252541	0.000631353	0.001388977	0.000505082	0.000252541	6.31E-05	0.000441947	0.000947029	0.0032199	0.001262706	0.002209735	0.0010733	0.000757624
Delta	AY.98	0.000456569	0.000913138	0.000570711	0.000684853	0	0.000114142	0.000456569	0.000570711	0.000684853	0.001141422	0.000342427	0.000570711	0.000228284	0	0	0.001141422	0	0.000570711	0.001255564	0.001369707	0.001940418	0.000913138	0.000570711	0.000456569	0	0.000456569	0	0.001255564	0.000684853	0.000570711	0.000913138	0.002168702	0.000684853	0	0.000114142	0.000114142	0.000456569	0.000456569	0.003766693	0.001483849	0.000114142	0.000798996	0.001255564	0.000228284	0.000570711	0	0.000684853	0.000456569	0.00308184	0.001712133	0.002168702	0.001483849	0.000913138
Delta	AY.44	0.000621051	0.00072906	0.000297024	0.000540044	0.000108009	0.000351029	0.000594049	0.000621051	0.000675055	0.00048604	0.000513042	0.021169736	0.000837069	0	0	0.000756062	0.002268186	2.70E-05	0.002133175	0.001431117	0.002214182	0.001188097	0.000702058	0.00048604	0.000270022	0.000189015	0	0.000864071	0.000783064	0.000432035	0.001026084	0.001620133	0.000702058	0	0.000108009	5.40E-05	0.000891073	0.00097208	0.004671383	0.001377113	0.000324027	0.001242102	0.000702058	0.000432035	0.000378031	0.000108009	0.000756062	0.000675055	0.003375277	0.001107091	0.001890155	0.001107091	0.000405033
Delta	AY.47	0.000327493	0.000654986	0.000327493	0.000327493	0	0.000163747	0.00049124	0.000654986	0.000654986	0.000982479	0.000818733	0.018503357	0.00049124	0	0.000163747	0.000818733	0.00049124	0	0.002128705	0.000982479	0.001473719	0.001309972	0.00049124	0.000163747	0	0.001146226	0	0.002292451	0.000818733	0.00049124	0.001473719	0.001146226	0.000818733	0	0.000163747	0	0.000818733	0.001146226	0.00327493	0.001473719	0.000163747	0.000818733	0.000818733	0.000654986	0.000327493	0	0.000654986	0.000982479	0.004421156	0.001146226	0.002128705	0.001309972	0.00049124
Delta	AY.25	0.000455028	0.000546034	0.000212346	0.000546034	0.000273017	0.000242682	0.000485363	0.000849386	0.00075838	0.000515698	0.000485363	0.019687547	0.000667374	0	0	0.00069771	0.00075838	0.000121341	0.00151676	0.001820112	0.002244805	0.001152738	0.000970727	0.000424693	0.000151676	0.000637039	0	0.000606704	0.000728045	0.000515698	0.00069771	0.001213408	0.000546034	0	0.000394358	0.000121341	0.000667374	0.001061732	0.004610951	0.001395419	0.000546034	0.001122403	0.000970727	0.000940391	0.000333687	3.03E-05	0.00075838	0.000910056	0.003822236	0.001213408	0.00151676	0.000728045	0.000455028
Delta	AY.3	0.000445816	0.000685871	0.000308642	0.000548697	6.86E-05	0.000308642	0.00058299	0.001028807	0.001268861	0.000514403	0.000240055	0.015809328	0.000651578	0	3.43E-05	0.000857339	0.000823045	0	0.001989026	0.002400549	0.002400549	0.001337449	0.001165981	0.000514403	0.000240055	0.000411523	0	0.001200274	0.000925926	0.000308642	0.000925926	0.001680384	0.000720165	0	0.000171468	0	0.0010631	0.000788752	0.00414952	0.001714678	0.000342936	0.000960219	0.001234568	0.001097394	0.000102881	0	0.000651578	0.001097394	0.003737997	0.001406036	0.002194787	0.001131687	0.00048011
Delta	AY.43	0.000611403	0.000866154	0.000305701	0.000968054	0.000203801	0.000356652	0.000458552	0.000662353	0.000662353	0.000509502	0.000815204	0.000815204	0.000407602	0.000254751	5.10E-05	0.000815204	0.000152851	0.000254751	0.001528507	0.000764253	0.000968054	0.001477556	0.000866154	0.000815204	5.10E-05	0.000509502	0	0.001019004	0.001681357	0.000662353	0.001375656	0.001324706	0.001120905	0	0.000152851	0.000152851	0.000611403	0.000917104	0.003413665	0.001120905	0.000203801	0.001273756	0.000764253	0.000764253	0.000203801	5.10E-05	0.000662353	0.001375656	0.003923167	0.000968054	0.002547511	0.001069955	0.000713303
Delta	AY.39	0.000330178	0.000770416	0.000550297	0.000220119	0.000220119	0.000330178	0.000330178	0.000550297	0.000990535	0.000330178	0.000330178	0.010675765	0.000330178	0	0	0.000770416	0.000660357	0	0.002201189	0.001210654	0.002201189	0.001320713	0.000990535	0.000330178	0.000330178	0.000770416	0.000110059	0.001210654	0.001100594	0.000440238	0.000880475	0.001760951	0.001100594	0	0.000440238	0	0.001210654	0.000880475	0.003081664	0.001760951	0	0.000770416	0.000990535	0.001320713	0	0	0.000660357	0.000880475	0.003742021	0.001760951	0.002861545	0.000880475	0.000440238
Delta	AY.103	0.000660698	0.000501219	0.000273392	0.000706263	0.000136696	0.000455654	0.000660698	0.000751828	0.000865742	0.000410088	0.000455654	0.018226141	0.000524002	0	2.28E-05	0.000979655	0.001594787	6.83E-05	0.001868179	0.001868179	0.002164354	0.001139134	0.000774611	0.000455654	0.000159479	0.000615132	2.28E-05	0.000842959	0.001412526	0.000501219	0.001298613	0.001116351	0.001139134	0	0.000227827	6.83E-05	0.000820176	0.001093568	0.003941403	0.000729046	0.000205044	0.000751828	0.000432871	0.000637915	0.000250609	0	0.000615132	0.001116351	0.003850272	0.001321395	0.001845397	0.000888524	0.000113913
Delta	AY.100	0.000718907	0.000639029	0.000159757	0.000319514	0.000159757	0.000159757	0.000319514	0.000958543	0.001038422	0.000399393	0.000479272	0.021167825	0.000399393	0	0	0.000958543	0.000878664	7.99E-05	0.001597572	0.001437815	0.002316479	0.000878664	0.000639029	0.000639029	0.000319514	0.000479272	0	0.000718907	0.000958543	0.000319514	0.001278057	0.001597572	0.000958543	7.99E-05	0.000399393	0	0.000958543	0.000639029	0.005112229	0.0011183	0.000159757	0.000878664	7.99E-05	0.000399393	0.000239636	7.99E-05	0.000479272	0.001437815	0.003834172	0.001198179	0.001917086	0.001198179	0.00055915
BA1	BA.1	0.00054407	0.000416053	0.000320041	0.001344172	0.000128016	0.000416053	0.000768098	0.000640082	0.000768098	0.000576074	0.00054407	0.000192025	0.000320041	9.60E-05	6.40E-05	0.000672086	9.60E-05	0.001376176	0.000832107	0.000864111	6.40E-05	0.001440184	0.001312168	0.000832107	3.20E-05	0.000800102	0	0.002240287	0.000992127	0.000896115	0.001056135	0.000896115	0.000768098	0.000736094	0.000128016	0.001792229	0.000992127	0.001088139	0.001760225	0.00195225	0.001344172	0.00140818	0.001312168	0.00140818	0.000320041	9.60E-05	0.000800102	0.001376176	0.003968508	0.000896115	0.002080266	0.001344172	0.000864111
BA1	BA.1.17	0.000931966	0.000310655	0.000310655	0.002174588	0.000310655	0.001242622	0.007766387	0.001863933	0	0.002795899	0.000621311	0	0.000310655	0.000310655	0.004038521	0.000310655	0	0.001863933	0	0	0	0.000310655	0.001553277	0.000621311	0	0.001242622	0	0.002174588	0.001242622	0.000931966	0.001242622	0.001553277	0.000931966	0.000931966	0.000310655	0.004038521	0.000931966	0.001863933	0.001553277	0.001553277	0.000931966	0.000931966	0.002795899	0.001242622	0.000310655	0.000310655	0.001863933	0.000621311	0.002795899	0.000621311	0.001863933	0.001242622	0.000621311
BA1	BA.1.18	0.002852615	0.000316957	0	0.000950872	0	0.000316957	0.000950872	0.003486529	0.000633914	0.000316957	0.000316957	0	0	0.000633914	0	0.000950872	0	0.000316957	0.001584786	0.000633914	0	0.001267829	0.001267829	0.000633914	0	0.000316957	0	0.002535658	0.001901743	0.001584786	0.001267829	0.001267829	0.001584786	0.000950872	0	0.000950872	0.000950872	0.000950872	0.004437401	0.003169572	0.000633914	0.000950872	0.001267829	0.003486529	0	0	0.000633914	0.000950872	0.007290016	0.000633914	0.001901743	0.0022187	0.000950872
BA1	BA.1.20	0.001162791	0	0.003488372	0.001550388	0	0.001162791	0.001162791	0.001162791	0.000387597	0.001162791	0.000387597	0	0.000387597	0.000387597	0	0.001937984	0	0	0.000387597	0	0	0.001550388	0.001937984	0.000387597	0	0.000775194	0	0.001162791	0.002325581	0.000387597	0.001162791	0.001937984	0.000387597	0.001162791	0	0.000775194	0.000387597	0.001162791	0.003488372	0.001937984	0.001162791	0.001550388	0.001937984	0.000775194	0.000387597	0	0.000775194	0.001162791	0.004263566	0.000775194	0.001162791	0.003100775	0
BA1	BA.1.15	0.000545009	0.000272504	0.000363339	0.000817513	0.000635843	0.00590426	0.000363339	0.000999182	0.000999182	0.000545009	0.000363339	0.00018167	0.000363339	9.08E-05	9.08E-05	0.000726678	0.000272504	0.000363339	0.000454174	0.000363339	9.08E-05	0.001180852	0.002180035	0.000454174	9.08E-05	0.002725043	0	0.002270869	0.001090017	0.000908348	0.000908348	0.001362522	0.001180852	0.001816695	0	0.000908348	0.00018167	0.000999182	0.00190753	0.003088382	0.0020892	0.001635026	0.001362522	0.001635026	9.08E-05	0.00018167	0.000817513	0.000908348	0.004541739	0.000908348	0.002361704	0.001362522	0.000999182
BA1	BA.1.1.18	0.000459982	0.000459982	0	0.001226618	0	0.000153327	0.000613309	0.000306654	0.00107329	0.000459982	0.000766636	0.000153327	0.002606562	0	0	0.000613309	0.000153327	0	0.00107329	0	0	0.001686599	0.002606562	0	0	0.000766636	0	0.00107329	0.000613309	0.000459982	0.00107329	0.001379945	0.00107329	0.009812941	0	0.000613309	0.001379945	0.001839926	0.002453235	0.000766636	0.000919963	0.000766636	0.001993254	0.002913217	0.000153327	0	0.000919963	0.001226618	0.004139834	0.00107329	0.002146581	0.00107329	0.000766636
BA1	BA.1.17.2	0.003295189	0.000299563	0.000299563	0.001977113	0.000179738	0.000359475	0.000898688	0.001258163	0.00071895	0.0004793	0.00071895	5.99E-05	0.000179738	5.99E-05	0.000179738	0.00071895	0	0.002037026	0.000539213	0.000359475	5.99E-05	0.001318076	0.0009586	0.0004793	0	0.0009586	0	0.002935714	0.001617638	0.00071895	0.001258163	0.00071895	0.000778863	5.99E-05	0.002336589	0.001557726	0.000659038	0.001138338	0.001497813	0.002096938	0.001198251	0.001258163	0.001377988	0.001437901	0.000299563	5.99E-05	0.000838775	0.001078425	0.004253789	0.000838775	0.002037026	0.001018513	0.001258163
BA1	BA.1.1	0.000695605	0.000353905	0.000256276	0.00122036	0.000256276	0.00030509	0.000622384	0.00091527	0.000805438	0.000475941	0.00030509	0.000158647	0.000451533	0.000427126	3.66E-05	0.000964085	9.76E-05	0.000683402	0.000634587	0.000256276	8.54E-05	0.001440025	0.001232564	0.000524755	3.66E-05	0.000573569	0	0.002306481	0.000951881	0.000683402	0.000976288	0.000866456	0.000842049	0.000951881	9.76E-05	0.001549858	0.000866456	0.001195953	0.001903762	0.001708505	0.001256971	0.00118375	0.001330193	0.002038002	0.000207461	4.88E-05	0.00091527	0.001110528	0.003868543	0.00091527	0.002147834	0.001159342	0.000988492
BA1	BA.1.15.1	0.000964088	0.000241022	0	0.000723066	0.000241022	0.000482044	0.00120511	0.000964088	0.000964088	0.000964088	0.000241022	0	0	0	0	0.000964088	0	0.002651241	0.000482044	0.000241022	0.000482044	0.001687154	0.001928175	0.000723066	0	0.000482044	0	0.001928175	0.00120511	0	0.001928175	0.00120511	0.000482044	0	0	0.001446132	0.000723066	0.002651241	0.001687154	0.001928175	0.000482044	0.00120511	0.000482044	0.002169197	0.000482044	0	0.000482044	0.003133285	0.003374307	0.000723066	0.001446132	0.000964088	0.001687154
BA1	BA.1.1.1	0	0.000331345	0.000662691	0.000662691	0.000662691	0	0.000994036	0.000662691	0.000662691	0	0.000331345	0	0	0.001656726	0	0.001325381	0	0.000662691	0.000994036	0.000662691	0	0.001988072	0.001325381	0.000331345	0	0	0	0.002982107	0.001325381	0.000994036	0.000994036	0.001325381	0.000662691	0	0	0.001325381	0.000331345	0.001656726	0.000994036	0.002650762	0.000994036	0.000994036	0.000994036	0.002650762	0.000331345	0.000331345	0.003313453	0.000331345	0.00629556	0.003313453	0.002650762	0.001325381	0.000662691
BA2	BA.2.10	0.000626959	0.00031348	0	0.004388715	0.00031348	0.00031348	0.000626959	0.001253918	0.001253918	0.000940439	0.001567398	0	0.00031348	0.002821317	0.00031348	0.001567398	0	0	0	0	0.000940439	0.001880878	0.000626959	0.000626959	0.00031348	0.00031348	0.001253918	0.004388715	0.000940439	0.000626959	0.001567398	0.00031348	0.001253918	0	0	0.006269592	0.000626959	0.000626959	0.003761755	0.001253918	0.00031348	0.001253918	0.00031348	0.001253918	0.00031348	0.00031348	0.000626959	0.000626959	0.003448276	0.000626959	0.004075235	0.00031348	0.003761755
BA2	BA.2.3	0.001218398	0	0	0.003198294	0.0001523	0	0.000761499	0.000913798	0.001066098	0.000304599	0.001218398	0.0001523	0.0001523	0.000761499	0	0.001218398	0	0.000609199	0.000456899	0	0	0.000913798	0.001370698	0.000456899	0	0.000609199	0.003045995	0.004568992	0.001979896	0.001066098	0.002893695	0.000913798	0.000761499	0	0.0001523	0.001827597	0.001370698	0.001827597	0.002284496	0.001979896	0.000609199	0.001675297	0.001218398	0.003045995	0.0001523	0	0.000304599	0.000913798	0.002284496	0.0001523	0.001979896	0.001218398	0.003198294
BA2	BA.2.9	0.00080656	0.000537707	6.72E-05	0.003965587	0.000134427	0.000336067	0.000672133	0.001075413	0.001277053	0.000739347	0.000672133	6.72E-05	0.000470493	0.00383116	0	0.000873773	0.000134427	0	0.000268853	0.00020164	0.000134427	0.000940987	0.00060492	0.001545907	6.72E-05	0.00080656	0.000537707	0.004772147	0.00181476	0.000672133	0.002150827	0.001142627	0.000873773	0	0.00020164	0.001075413	0.000672133	0.000940987	0.001949187	0.00080656	0.000873773	0.001344267	0.000873773	0.001478693	0.000268853	6.72E-05	0.000470493	0.00080656	0.003360667	0.00060492	0.00181476	0.001142627	0.00262132
BA2	BA.2	0.000642233	0.000353228	8.56E-05	0.003617914	0.000406748	0.000256893	0.000792088	0.000984758	0.001573471	0.000695753	0.000567306	4.28E-05	0.000267597	0.002761603	3.21E-05	0.000888423	1.07E-05	0.000203374	0.000460267	0.000214078	0.00038534	0.001166724	0.001091797	0.000588714	4.28E-05	0.000342524	0.000535194	0.004292259	0.001798253	0.00096335	0.002023035	0.000749272	0.000931238	0	7.49E-05	0.003425244	0.000631529	0.001091797	0.001894588	0.001188132	0.000685049	0.001145316	0.001070389	0.002023035	0.000267597	0.000117743	0.000802792	0.000899127	0.003896215	0.000663641	0.00231204	0.001220243	0.003179055
BA2	BA.2.12.1	0.000954417	0.00045812	3.82E-05	0.00091624	0.002596014	0.000381767	0.00068718	0.000878064	0.0011453	0.000496297	0.000763534	0.00011453	0.000267237	0	3.82E-05	0.000725357	3.82E-05	7.64E-05	0.000305413	0.000152707	0.000305413	0.001488891	0.001107124	0.000839887	3.82E-05	0.000839887	0.001641597	0.004313965	0.001450714	0.00103077	0.002366954	0.000649004	0.001107124	0	0.000152707	0.000267237	0.00103077	0.00125983	0.001679774	0.001870657	0.000725357	0.001336184	0.001527067	0.002176071	0.000267237	7.64E-05	0.000878064	0.000992594	0.002710544	0.000649004	0.002443308	0.000878064	0.00125983
BA45	BA.4	0.00110742	0.000276855	0	0.00110742	0.00055371	0.000276855	0.000276855	0.00055371	0.003322259	0.001384275	0.00055371	0	0	0	0	0.001384275	0	0	0.000830565	0.00055371	0	0.001937984	0.002214839	0.000276855	0	0.000276855	0	0.002214839	0.000830565	0.003045404	0.00166113	0.000276855	0.001937984	0	0	0.00110742	0.000830565	0.00055371	0.003599114	0.000830565	0.00055371	0.001937984	0.00110742	0.00055371	0.00055371	0.00055371	0.000276855	0.000830565	0.003322259	0.00110742	0.002491694	0.00166113	0.00055371
BA45	BA.4.1	0.000972384	0.000388954	0	0.001166861	0.000194477	0.000583431	0.000194477	0.000583431	0.002139245	0.001166861	0.000583431	0.000194477	0.000972384	0	0	0.000583431	0	0.000194477	0.000777907	0.000194477	0	0.000777907	0.000388954	0.000777907	0	0.000777907	0.000388954	0.002333722	0.000583431	0.000583431	0.002333722	0.000388954	0.00311163	0	0	0.000194477	0.001166861	0.000972384	0.002528199	0.000388954	0.001944769	0.002722676	0.000194477	0.001750292	0.000388954	0	0.000777907	0.002333722	0.003500583	0.000388954	0.002722676	0.002139245	0.000777907
BA45	BA.5	0.000391389	0	0.000391389	0.001565558	0.000391389	0.000391389	0.000782779	0.001956947	0.000782779	0	0.000782779	0	0	0	0	0.000782779	0	0	0.000391389	0.000391389	0	0.001174168	0.002739726	0.000391389	0	0.000782779	0.000391389	0.001565558	0.001565558	0.001565558	0.001565558	0.000782779	0.000782779	0	0	0.000782779	0.001174168	0.001956947	0.002739726	0.002348337	0.003522505	0.001174168	0.001174168	0.003522505	0.000782779	0	0.001565558	0.001565558	0.004696673	0.000391389	0.002739726	0.000391389	0.002739726
BA45	BA.5.1	0.000593261	0.000355956	0.000118652	0.001779782	0.000237304	0.000355956	0.000652587	0.001364499	0.001542477	0.000237304	0.000355956	0.000118652	0.00029663	0	0	0.000949217	5.93E-05	5.93E-05	0.000652587	0.000474608	5.93E-05	0.000830565	0.001305173	0.000949217	0	0.000652587	5.93E-05	0.002669673	0.001067869	0.000889891	0.00166113	0.00166113	0.000771239	0	5.93E-05	0.000355956	0.002135738	0.000771239	0.002017086	0.003025629	0.00195776	0.001127195	0.003559563	0.002847651	0.000177978	0.000118652	0.000474608	0.001186521	0.005398671	0.000415282	0.002610346	0.001542477	0.001305173
BA45	BA.5.5	0.000938527	0.000625684	0.000156421	0.001877053	0	0.000312842	0.001094948	0.001251369	0.00140779	0.000782105	0.000782105	0.000312842	0.000469263	0	0	0.000782105	0	0.000156421	0.000469263	0	0	0.001877053	0.000938527	0.000625684	0	0.001094948	0.000312842	0.002659158	0.000469263	0.001251369	0.002659158	0.003284843	0.001251369	0	0.000156421	0.000312842	0.002033474	0.001094948	0.001877053	0.00281558	0.001251369	0.001877053	0.002972001	0.003128422	0.000156421	0	0.000782105	0.001564211	0.00578758	0.000156421	0.002502737	0.001251369	0.000938527
BA45	BE.1	0.001035197	0.002329193	0.000258799	0.002070393	0	0.000776398	0	0.000517598	0.001035197	0.000258799	0.001035197	0	0	0	0	0.000517598	0	0	0	0	0.000258799	0.001552795	0.000258799	0.002846791	0	0.001035197	0	0.003364389	0.001035197	0.000258799	0.002846791	0.000258799	0.001293996	0	0	0.000517598	0.001293996	0.001035197	0.001293996	0	0.000776398	0	0	0.001552795	0.000258799	0	0.000517598	0	0.002329193	0.000776398	0.001811594	0.000776398	0.001811594
BA45	BA.5.6	0.000557103	0.000557103	0	0.001949861	0.000835655	0.000278552	0.000278552	0.000557103	0.000278552	0.000278552	0.000557103	0	0.000835655	0	0	0.001114206	0	0	0.000278552	0.000278552	0	0.000835655	0.001114206	0.001114206	0	0.000835655	0.000557103	0.002785515	0.002785515	0.000278552	0.000835655	0.000557103	0.000557103	0	0	0	0.000835655	0.001392758	0.002228412	0	0.000835655	0.001392758	0	0.001392758	0.005571031	0	0.000278552	0.000557103	0.003064067	0.000278552	0.001114206	0.000835655	0.001671309
BA45	BA.5.2.1	0.000758725	0.000325168	0.000108389	0.000596141	0.000325168	0.000162584	0.000758725	0.000975504	0.001192283	0.000433557	0.000867115	0.000108389	0.000216779	0	0	0.000758725	0	0.000325168	0.000541947	0.000379363	0.000379363	0.001571645	0.001409061	0.000487752	5.42E-05	0.000758725	0.000433557	0.00243876	0.000704531	0.001354867	0.002113592	0.001463256	0.001029699	0	0.000162584	0.000216779	0.000975504	0.001029699	0.002167787	0.002655539	0.001680035	0.001409061	0.002492955	0.002059397	0.000379363	0	0.000758725	0.001138088	0.003739432	0.000487752	0.001517451	0.001138088	0.000921309
BA45	BA.5.2	0.000579206	0.000651607	7.24E-05	0.000796409	0.000144802	0.000362004	0.000651607	0.00086881	0.000651607	0.000434405	0.000579206	7.24E-05	0.000144802	0	7.24E-05	0.001448016	0	7.24E-05	0.000434405	0.000289603	0.000144802	0.001520417	0.001230814	0.00086881	0	0.000651607	0.000144802	0.001954822	0.001375615	0.001303215	0.002027223	0.001230814	0.001375615	0	0.000144802	0.000796409	0.001230814	0.001230814	0.002606429	0.001013611	0.001086012	0.001303215	0.000362004	0.001375615	0.000506806	7.24E-05	0.000796409	0.001158413	0.002389227	0.00086881	0.002316826	0.001375615	0.001158413
BA45	BA.4.6	0.000670391	0.000223464	0	0.001117318	0.000446927	0.000223464	0.000223464	0.001564246	0.001117318	0.000670391	0.000893855	0.000446927	0	0	0	0.001117318	0	0	0.000223464	0.000446927	0.000446927	0.001787709	0.002234637	0	0	0.001117318	0.000670391	0.00424581	0.001787709	0.001564246	0.001340782	0.000446927	0.000893855	0	0.000223464	0.000446927	0.001117318	0.001564246	0.003128492	0.001340782	0.001340782	0.001787709	0.001340782	0.002458101	0.000223464	0.000223464	0.000446927	0.001564246	0.003351955	0.001340782	0.003351955	0.001117318	0.000893855
