Group	Mut	1009I	1020V	1101Y	1162L	1162S	1237I	1258D	1263L	12F	146Y	153I	157L	164K	176F	177V	181V	189F	221L	22I	240I	242H	245Y	254F	255F	30H	317S	323I	430I	444N	444R	446V	463R	463T	484V	493L	494P	49Y	547I	572I	583D	613H	640F	643L	647S	653V	675H	677H	688V	706V	740I	752F	769V	798D	831V	845S	859I	884F	891D	939F	940F	98F	9S
Others	B.1	0.000414307	0.002071537	0.003728767	0.003176357	0.003866869	0.004695484	0.000276205	0.004004972	0.003176357	0.001795332	0.003728767	0.001242922	0	0.005385996	0.000276205	0.004143074	0.000276205	0.002900152	0.003314459	0.002623947	0.000138102	0.004143074	0.004833587	0.003590664	0.009943378	0	0.002485844	0.00055241	0.00055241	0.000690512	0.003590664	0	0	0.000276205	0.000138102	0.003038254	0.006628919	0.003452562	0.007319431	0.006352714	0.003866869	0.004281177	0.000276205	0.003038254	0.002485844	0.004419279	0.008838558	0.004419279	0.002485844	0.000828615	0.000138102	0.004419279	1.38E-04	0.00110482	0.004004972	0.004281177	0.001933435	0.000414307	0.006352714	0.002900152	0.006767021	0.001519127
Others	B.1.1	0.000870575	0.002321532	0.002901915	0.002321532	0.004352873	0.004352873	0	0.004062681	0.002901915	0.004062681	0.004643064	0.000870575	0.00E+00	0.003482298	0.000290192	0.002901915	0.000290192	0.004352873	0.003192107	0.000870575	0	0.00377249	0.004352873	0.003482298	0	0	0.004062681	0	0.000580383	0.000870575	0.00377249	0	0	0.00E+00	0	0.005223447	0.006674405	0.002611724	0.004933256	0.004062681	0.004062681	0.004933256	0.000290192	0.002611724	0.001450958	0.004643064	0.007835171	0.004062681	0.002321532	0.001160766	0	0.00754498	0	0.001160766	0.004352873	0.004352873	0.002031341	0	0.005513639	0.004352873	0.004352873	0.001741149
Others	B.1.2	0.00058072	0.003484321	0.00174216	0.003484321	0.005807201	0.005516841	0	0.006387921	0.003774681	0.00261324	0.00261324	0.00087108	0	0.004936121	0	0.00203252	0.00087108	0.004355401	0.003484321	0.0014518	0	0.00261324	0.006387921	0.003774681	0.003193961	0	0.00174216	0	0	0	0.0029036	0	0	0	0.00029036	0.003484321	0.004936121	0.003193961	0.007839721	0.005226481	0.00232288	0.006968641	0	0.00174216	0.004936121	0.0029036	0.005516841	0.007549361	0.00174216	0	0	0.005807201	0	0.00116144	0.004355401	0.006387921	0.00203252	0	0.005516841	0.003774681	0.007259001	0.00203252
Others	B.1.177	0.000860832	0.002295552	0.005451937	0.003730273	4.88E-03	0.005451937	0	0.004878049	0.003156385	0.003443329	0.004878049	0.001721664	0	0.003156385	0	0.005451937	0.000860832	0.00143472	0.006312769	0.001147776	0	0.004591105	0.004017217	0.005164993	0	0	3.44E-03	0.000286944	0	0.000286944	0.00286944	0	0	0	0	0.005164993	0.003730273	0.004878049	0.006025825	0.004878049	0.004017217	0.00286944	0	0.000860832	0.002582496	0.004304161	0.004878049	0.006025825	0.00286944	0.000573888	0	0.004591105	0	0.001147776	0.004591105	0.006886657	0.003156385	0	0.004878049	0.002008608	0.009469154	0.001721664
Others	B.1.429	0.001618123	0.004854369	0.004045307	0.004045307	0.000809061	0.008899676	0.000809061	0.006472492	0.003236246	0	0.003236246	0.001618123	0	0.004854369	0	0.004045307	0	0.003236246	0.004045307	0.00566343	0	0.004854369	0.002427184	0.004045307	0	0	0.001618123	0.001618123	0.000809061	0.000809061	0.006472492	0	0	0	0	0.004854369	0.004854369	0.00566343	0.006472492	0.001618123	0.007281553	0.003236246	0	0.000809061	0.003236246	0.003236246	0.012944984	0.004854369	0	0.000809061	0	0.002427184	0	0	0.002427184	0.004854369	0.004045307	0	0.006472492	0.003236246	0.011326861	0.002427184
Others	B.1.351	0	0	0	0	0	0.005847953	0	0.014619883	0.005847953	0.002923977	0.002923977	0	0	0.002923977	0.002923977	0	0	0	0.002923977	0	0.014619883	0.002923977	0.005847953	0.005847953	0	0	0.00877193	0	0	0	0	0	0	0	0	0	0.005847953	0.002923977	0.002923977	0.00877193	0	0.005847953	0	0	0.011695906	0.002923977	0.014619883	0.011695906	0.00877193	0	0	0.002923977	0	0.002923977	0.002923977	0.002923977	0	0	0	0.002923977	0.011695906	0
Others	B.1.1.7	0.002591969	0.002046292	0.003274067	0.00418353	3.77E-03	0.004001637	0.000136419	0.004547315	0.004956573	0.000227366	0.003546906	0.001227775	4.55E-05	4.55E-03	9.09E-05	0.005047519	0.000181893	0.005138466	0.005183939	0.003092174	0	0.003910691	0.004638261	0.003501432	0.000227366	9.09E-05	0.003137647	0.000363785	0.001136829	0.000409258	0.003455959	0	0	0	0.000227366	3.05E-03	0.004956573	0.003501432	0.007684962	0.006320768	0.004274476	0.004820154	4.55E-05	0.002091765	0.003592379	2.73E-03	0.004365422	0.005092993	0.002046292	0.001136829	0.002046292	0.001136829	4.55E-05	0.001318721	0.004501842	0.002228184	0.003683325	0.000272839	0.004319949	0.003046701	0.007684962	0.002091765
Others	B.1.526	0.001298701	0.004545455	0.002597403	0.004545455	0.005844156	0.003896104	0	0.003896104	0.000649351	0.001948052	0.001948052	0.001298701	0	0.001948052	0.000649351	0.004545455	0	0.003896104	0.007142857	0.003896104	0.000649351	0.001298701	0.011038961	0.003246753	0	0	0.002597403	0	0	0	0.004545455	0	0	0	0	0.001948052	0.004545455	0.004545455	0.005844156	0.009090909	0.003896104	0.002597403	0	0.003246753	0.004545455	0.005844156	0.005844156	0.000649351	0.002597403	0	0.000649351	0.004545455	0	0	0.003246753	0.003896104	0	0	0.006493506	0.002597403	0.011038961	0.000649351
Others	P.1	0.003112033	0.001037344	0.005186722	0.004149378	0.006224066	0.004149378	0	0.006224066	0.004149378	0.003112033	0.004149378	0	0	0.005186722	0.001037344	0.006224066	0.001037344	0	0.003112033	0.001037344	0	0.002074689	0.005186722	0.005186722	0	0	0.006224066	0	0.002074689	0.001037344	0.003112033	0	0	0	0	0.002074689	0.002074689	0.003112033	0.010373444	0.010373444	0.004149378	0.007261411	0	0.010373444	0.007261411	0.012448133	0.008298755	0.008298755	0.001037344	0	0	0.001037344	0	0.001037344	0.003112033	0.005186722	0.002074689	0.001037344	0.003112033	0.003112033	0.001037344	0
Delta	AY.26	0	0.008614501	0.000717875	0.0028715	0.004307251	0.007896626	0	0.003589375	0.003589375	0.0028715	0.005743001	0	0	0.00143575	0.00143575	0.00143575	0	0.00143575	0.002153625	0	0	0.003589375	0.000717875	0.002153625	0	0	0.004307251	0	0	0.002153625	0.017946877	0	0	0	0	0.0028715	0.000717875	0.006460876	0.006460876	0.004307251	0.007178751	0.000717875	0	0.000717875	0.002153625	0	0.004307251	0.004307251	0	0.000717875	0	0.002153625	0	0.005025126	0.002153625	0.0028715	0.00143575	0.009332376	0.00143575	0.00143575	0.004307251	0.00143575
Delta	AY.5	0.00051573	0.001547189	0.003094379	0.004125838	0.006704487	0.007735946	0	0.00103146	0.004125838	0.002062919	0.005157298	0	0	0.002062919	0.00051573	0.004641568	0	0.004641568	0.002578649	0.00103146	0	0.003094379	0.004641568	0.003094379	0.00051573	0	0.002062919	0.00051573	0.001547189	0.00051573	0.010314595	0	0.00051573	0	0	0.002578649	0.003610108	0.003094379	0.006704487	0.004641568	0.007735946	0.003610108	0	0.002578649	0.002062919	0.001547189	0.002062919	0.008251676	0.002062919	0.00103146	0	0.005157298	0	0.00103146	0.008251676	0.002578649	0.002062919	0	0.004125838	0.002578649	0.005157298	0
Delta	AY.4	0.001383583	0.002285921	0.002346076	0.003549192	0.003970283	0.005985502	0.000120312	0.00315818	0.002376154	0.0025867	0.00430114	0	3.01E-05	0.001533973	1.80E-04	0.004601919	1.50E-04	0.004692153	0.003639426	0.001383583	0	0.002737089	0.002526544	0.003248413	0.001924986	9.02E-05	2.68E-03	0.000451169	0.001112882	0.000330857	0.009925708	0	0	3.01E-04	0.000391013	0.001503895	0.002496466	0.003338647	0.005203477	0.006316359	0.004842542	0.003398803	6.02E-05	0.002466388	0.001473817	1.32E-03	0.003759738	0.004361296	0.001744518	0.000661714	0.000240623	0.003037868	9.02E-05	0.001203116	0.003549192	0.003098024	0.002045297	0	0.003609348	0.00315818	0.00372966	0.000661714
Delta	AY.122	0.00102328	0.002046559	0.001534919	0.005628038	0.004093118	0.006139678	0.00025582	0.002302379	0.002814019	0.002558199	0.006395498	0	0.00025582	0.0012791	0.00025582	0.005116398	0	0.005372218	0.005883858	0.002302379	0	0.003837299	0.002814019	0.003325659	0.006139678	0	0.003325659	0.00051164	0.00025582	0	0.014837554	0	0	0.00025582	0.00025582	2.05E-03	0.003581479	0.003837299	0.004348938	0.004093118	0.006651317	0.003837299	0.00025582	0.002046559	0.002046559	5.12E-04	0.003325659	0.005883858	0.0012791	0.0012791	0	0.002046559	0	0.002302379	0.003837299	0.002814019	0.00076746	0	0.004860578	0.001534919	0.005883858	0.00051164
Delta	AY.98	0.00047081	0.002824859	0.001883239	0.003295669	0.003766478	0.005649718	0.00094162	0.002824859	0.002354049	0.002824859	0.006591337	0	0	0.001412429	0.00094162	0.005649718	0.00047081	0.005178908	0.002824859	0	0	0.004708098	0.004237288	0.003766478	0.00047081	0	0.003766478	0	0.00094162	0	0.012241055	0	0	0.00094162	0.00047081	0.002824859	0.002824859	0.003295669	0.005649718	0.008474576	0.004237288	0.001883239	0	0.003295669	0.00094162	0.00047081	0.002824859	0.007532957	0.00047081	0.002824859	0.00047081	0.003766478	0	0.001412429	0.002354049	0.005649718	0.002824859	0	0.003295669	0.001883239	0.006591337	0
Delta	AY.44	0.001549464	0.002145411	0.003218117	0.004648391	0.003218117	0.004529201	0.000357569	0.003814064	0.003933254	0.004290822	0.00476758	0	0	0.002741359	0.000834327	0.006436234	0.00011919	3.34E-03	0.002741359	0.001668653	0	0.002622169	0.003575685	0.003337306	0.000238379	0	0.002026222	0.000238379	0.001311085	0.000238379	0.011799762	0	0	0.000476758	0.000595948	1.07E-03	0.001787843	0.005125149	0.005721097	0.005363528	0.005363528	0.002741359	0	0.001430274	0.001907032	0.001668653	0.004052443	0.005125149	0.001549464	0.001072706	0.000238379	0.002622169	0	0.001430274	0.003933254	0.002622169	0.001787843	0.000953516	0.004052443	0.002622169	0.003098927	0.000834327
Delta	AY.47	0	0.00077821	0.005447471	0.004669261	0.00311284	0.00311284	0	0.00233463	0.00077821	0.00311284	0.007003891	0	0	0.00233463	0	0.003891051	0	0.00155642	0.00233463	0.00077821	0	0.003891051	0.003891051	0	0	0	0.004669261	0.00155642	0	0	0.010894942	0	0	0.00077821	0	0.00233463	0.00311284	0.005447471	0.00311284	0.00077821	0.007003891	0.00311284	0	0.00233463	0.00155642	0.00077821	0.00311284	0.004669261	0.00233463	0.00077821	0	0.00311284	0	0.00155642	0.00311284	0.004669261	0.00233463	0.00077821	0.00233463	0.00155642	0.007782101	0
Delta	AY.25	0.001442377	0.00187509	0.002163566	0.006202221	0.004327131	0.004615607	0.000576951	0.004615607	0.003173229	0.00187509	0.005192557	0	0	0.003894418	0.000432713	0.005192557	0.000288475	0.004615607	0.00375018	0.00187509	0	0.002163566	0.004182893	0.002740516	0.000721189	0.000288475	0.002452041	0.000721189	0.001009664	0.001153902	0.009663926	0	0	0.000144238	0	0.002163566	0.003605943	0.004759844	0.006057984	0.005336795	0.00504832	0.002884754	0.000144238	0.001298139	0.00187509	1.59E-03	0.004471369	0.005481033	0.000432713	0.001153902	0.000288475	0.002740516	0	0.001586615	0.004759844	0.003894418	0.001009664	0.000721189	0.004759844	0.002596279	0.003605943	0.001009664
Delta	AY.3	0.001441846	0.003043896	0.003043896	0.004325537	3.84E-03	0.004325537	0.000480615	0.004325537	0.002082666	0.003204101	0.004005127	0	0	0.001922461	3.20E-04	0.003684716	0.000160205	0.007209228	0.003524511	0.003043896	0	0.002563281	0.004485742	0.003684716	0.00128164	0.000160205	0.002403076	0.00032041	0.00096123	0.00064082	0.011855175	0	0	0.00064082	0.000801025	0.001602051	0.003844921	0.004005127	0.003844921	0.004485742	0.005927587	0.002883691	0.00032041	0.001922461	0.002403076	0.000801025	0.003844921	0.007369433	0.001441846	0	0.000160205	0.001922461	0	0.00064082	0.004165332	0.003364306	0.00128164	0.000801025	0.004165332	0.002082666	0.004645947	0.00064082
Delta	AY.43	0.000978665	0.000587199	0.002935995	0.003327461	0.004306126	0.004501859	0.000782932	0.00391466	0.003131728	0.003718927	0.002544529	0	0	0.001174398	3.91E-04	0.005089059	0.000195733	0.006654923	0.003327461	0.003327461	0	0.002153063	0.004306126	0.004306126	5.48E-03	0	0.00195733	0.000391466	0.001174398	0.000587199	0.01428851	0	0	0.000195733	0	0.001565864	0.003523194	0.002348796	0.005871991	0.008025054	0.005480525	0.003523194	0	0.002740262	0.000978665	1.57E-03	0.003523194	0.006067724	0.00195733	0.000782932	0	0.002153063	0	0.001761597	0.003327461	0.005284792	0.001370131	0.000195733	0.005089059	0.002348796	0.005676258	0.000391466
Delta	AY.39	0.0009298	0.0023245	0.0004649	0.0018596	0.0032543	0.0023245	0	0.005578801	0.0018596	0.0013947	0.004649	0	0	0.0013947	0	0.0027894	0	0.0041841	0.0032543	0.0023245	0	0.0027894	0.0009298	0.005113901	0.0004649	0	0.0027894	0	0.0013947	0.0004649	0.009298001	0	0	0.0004649	0.0004649	0.0027894	0.006043701	0.0037192	0.004649	0.005578801	0.004649	0.0032543	0	0.0037192	0.0013947	0.0009298	0.0027894	0.005578801	0.0004649	0.0004649	0	0.0041841	0	0	0.0009298	0.004649	0.0023245	0.0004649	0.0037192	0.0009298	0.0041841	0.0009298
Delta	AY.103	0.00133575	0.001812804	0.002862322	0.004484305	0.003243965	0.004293483	0	0.004388894	0.003625608	0.002385269	0.004198073	0	0	0.002194447	4.77E-04	0.00381643	0.000381643	6.87E-03	0.003721019	0.001621983	0	0.004198073	0.003721019	0.00391184	0.000477054	0.000190821	2.58E-03	0.000667875	0.00124034	0.000954107	0.012021754	0	0	0.000381643	0.000286232	2.86E-03	0.002671501	0.004484305	0.005056769	0.00515218	0.004293483	0.003243965	0	0.002862322	0.001717393	0.00124034	0.004675126	0.005438412	0.001621983	0.000572464	0	0.004007251	0	0.001717393	0.003625608	0.004102662	0.000572464	0.000858697	0.004007251	0.002003626	0.004388894	0.000858697
Delta	AY.100	0.002753873	0.002753873	0.004130809	0.005507745	0.004819277	0.005507745	0.000344234	0.004130809	0.003442341	0.002409639	0.004130809	0	0	0.001376936	0.000344234	0.002409639	0	3.44E-03	0.00172117	0.00172117	0	0.001376936	0.006540448	0.003098107	0.000688468	0.000344234	0.003442341	0.000688468	0.002065404	0.000344234	0.013769363	0	0	6.88E-04	0	0.00172117	0.005163511	0.002753873	0.003786575	0.007228916	0.003442341	0.004819277	0.00E+00	0.002065404	0.000344234	1.72E-03	0.002753873	0.006196213	0.002065404	0	0	0.002753873	0	0.000688468	0.003098107	0.004130809	0.001032702	0.000344234	0.005163511	0.003098107	0.003442341	0.001032702
BAA	BA.1	0.00125246	0.003220612	0.002325997	0.006977992	0.007872607	0.002147075	0.000536769	0.005725532	0.005725532	0	0.000178923	0.000536769	0	7.16E-04	1.07E-03	0.000894614	3.58E-04	0.004473072	0.005546609	0.00250492	0.00E+00	0.003936303	0.005725532	0.005367687	3.58E-04	0.007156915	0.006262301	0.003220612	0.000357846	0.000536769	0.000536769	0	0.000357846	0.005188764	0.009840759	0.002147075	0.004294149	0	0.001789229	0.000894614	0	0.003041689	0.000894614	0.004473072	0.001789229	4.29E-03	0.003936303	0.007514761	0.002325997	0.005188764	0	0.000536769	0	0.006620147	0.003220612	0.003578458	0.003220612	0.000178923	0.006083378	0.006620147	0.007335838	0.003578458
BAA	BA.1.17	0.001792115	0	0.001792115	0.007168459	0.005376344	0.003584229	0.001792115	0.010752688	0.005376344	0	0.001792115	0	0	0	0	0	0	0.001792115	0.001792115	0.003584229	0	0.007168459	0.003584229	0.007168459	0	0.001792115	0.007168459	0.003584229	0	0.001792115	0	0	0	0.008960573	0.016129032	0	0.003584229	0	0.001792115	0	0	0.008960573	0.005376344	0.008960573	0.001792115	0.005376344	0	0.008960573	0.001792115	0.003584229	0.001792115	0	0	0.010752688	0.001792115	0.005376344	0.001792115	0.001792115	0.005376344	0.001792115	0.003584229	0.003584229
BAA	BA.1.18	0.006269592	0	0.007836991	0.001567398	0.004702194	0.004702194	0.001567398	0.004702194	0.004702194	0	0.003134796	0.031347962	0	0.001567398	0	0.001567398	0.05015674	0.006269592	0	0.001567398	0	0.003134796	0.010971787	0.004702194	0	0.014106583	0.010971787	0.003134796	0	0	0	0	0	0.003134796	0.001567398	0	0.003134796	0	0.003134796	0	0	0.004702194	0	0.004702194	0.004702194	0.003134796	0.007836991	0.004702194	0.001567398	0.003134796	0	0.001567398	0	0.007836991	0	0.004702194	0.003134796	0.003134796	0.004702194	0.003134796	0.006269592	0
BAA	BA.1.20	0	0.004535147	0.002267574	0.009070295	0.006802721	0.002267574	0	0.009070295	0.004535147	0	0	0	0	0	0	0.002267574	0	0.01814059	0.006802721	0.004535147	0	0.004535147	0.009070295	0.002267574	0	0.013605442	0.004535147	0.006802721	0	0	0	0	0.004535147	0.004535147	0.004535147	0.002267574	0.009070295	0	0	0.002267574	0	0	0	0.009070295	0	0	0	0.004535147	0.006802721	0	0	0	0	0.011337868	0.002267574	0	0.006802721	0	0.006802721	0.004535147	0.006802721	0.004535147
BAA	BA.1.15	0.003443187	0.00245942	0.000983768	0.004918839	0.012297098	0	0.001475652	0.004918839	0.005410723	0	0.000983768	0.000491884	0	1.97E-03	0.00E+00	0.001475652	0	0.004426955	0.006394491	0.00245942	0.00E+00	0.002951303	0.000491884	0.004426955	0.00E+00	0.007378259	0.003935071	0.00245942	0	0.000491884	0	0.001967536	0.001967536	0.005410723	0.00245942	0.000983768	0.004918839	0	0.000491884	0.000491884	0	0.004426955	0.000983768	0.00245942	3.94E-03	0.00245942	0.003443187	0.006886375	0.00245942	0.003935071	0.000491884	0.000491884	0	0.004918839	0.000491884	0.000983768	0.001967536	0.000491884	0.008362027	0.009837678	0.003935071	0.00245942
BAA	BA.1.1.18	0.002068252	0.001034126	0.001034126	0.009307135	0.007238883	0.004136505	0	0.005170631	0.008273009	0.001034126	0	0	0	0.002068252	0	0.001034126	0	0.005170631	0.003102378	0.004136505	0	0.004136505	0.012409514	0.003102378	0	0.003102378	0.002068252	0.003102378	0.002068252	0.001034126	0	0.004136505	0.006204757	0.006204757	0.002068252	0.002068252	0.005170631	0	0.001034126	0	0	0.001034126	0.002068252	0.001034126	0.002068252	0.005170631	0.006204757	0.006204757	0.004136505	0.004136505	0	0	0	0.006204757	0.003102378	0.004136505	0.003102378	0	0.007238883	0.005170631	0.003102378	0.002068252
BAA	BA.1.17.2	0	0.005057316	0.000337154	0.005731625	0.005731625	0.002360081	0.001011463	0.004720162	0.00606878	0	0	3.37E-04	0	0.00E+00	0.000337154	0.000337154	0	0.005394471	0.006405934	0.002697235	0.00E+00	0.004045853	0.00303439	0.005394471	0	0.00303439	0.010114633	0.002360081	0	0.000337154	0	0.000674309	0.000337154	4.72E-03	0.015846258	0.002360081	0.004383007	0	0.001011463	0.001348618	0.000337154	0.003371544	0.009777478	0.005731625	0.003371544	6.74E-04	0.005394471	0.005394471	0.00303439	0.008091706	0.000337154	0.000674309	0	0.004383007	0.003708699	0.004383007	0.00303439	0.000337154	0.005394471	0.005057316	0.006405934	0.00303439
BAA	BA.1.1	0.000829312	0.003995778	0.002487937	0.005126659	0.008896261	0.002563329	0.000678528	0.005955971	0.006031363	0.000301568	0.00037696	0.000452352	0	0.001357057	8.67E-03	0.000603136	9.05E-04	0.004598914	0.006709891	0.003468034	0.00E+00	0.004900483	0.004749698	0.005428227	7.54E-05	0.006559107	0.00331725	0.003015682	0.00075392	0.000527744	0.000603136	0.003015682	0.005277443	0.008971653	7.77E-03	0.00482509	0.005051267	0	0.000603136	0.000904704	0.00037696	0.002638721	0.000678528	0.002487937	0.001507841	3.24E-03	0.003543426	0.006559107	0.00369421	0.002714113	0.000301568	0.000603136	7.54E-05	0.004900483	0.001583233	0.001432449	0.003769602	0.000452352	0.005428227	0.003769602	0.006709891	0.003844994
BAA	BA.1.15.1	0	0.001230012	0.001230012	0.003690037	0.008610086	0.002460025	0.001230012	0.004920049	0.004920049	0	0.001230012	0	0	0.003690037	0	0.001230012	0	0.001230012	0.007380074	0.003690037	0	0.007380074	0.004920049	0.001230012	0	0.001230012	0.006150062	0.007380074	0	0.002460025	0	0	0	0.004920049	0.014760148	0.002460025	0.004920049	0	0.001230012	0	0.001230012	0.002460025	0.001230012	0.004920049	0.004920049	0.007380074	0.004920049	0.004920049	0	0.001230012	0.001230012	0	0	0.004920049	0.002460025	0	0.001230012	0	0.002460025	0.006150062	0.003690037	0.007380074
BAA	BA.1.1.1	0.001980198	0.001980198	0.001980198	0.005940594	0.00990099	0.003960396	0.007920792	0.011881188	0.003960396	0	0	0	0	0.011881188	0	0	0.001980198	0.007920792	0.005940594	0	0	0.001980198	0.003960396	0.001980198	0	0.007920792	0.003960396	0.007920792	0	0	0	0.003960396	0.003960396	0.013861386	0.003960396	0	0.001980198	0	0	0.003960396	0	0	0	0.001980198	0.001980198	0.005940594	0.007920792	0	0.015841584	0.003960396	0	0	0	0.007920792	0	0	0.003960396	0.003960396	0.011881188	0.013861386	0.011881188	0.003960396
BAB	BA.2.10	0.00173913	0.005217391	0.005217391	0.013913043	0.006956522	0	0.00173913	0.005217391	0.008695652	0.006956522	0.005217391	0.005217391	0	0.013913043	0	0	0	0.00173913	0.00173913	0	0	0.003478261	0.003478261	0.010434783	0	0.00173913	0.00173913	0.00173913	0	0.00173913	0.00173913	0.003478261	0.005217391	0	0.006956522	0.006956522	0.006956522	0.003478261	0.003478261	0.00173913	0.003478261	0.003478261	0	0.00173913	0.00173913	0	0.003478261	0.00173913	0.003478261	0	0	0.00173913	0.031304348	0.003478261	0	0.00173913	0.008695652	0	0.003478261	0	0.00173913	0
BAB	BA.2.3	0.000838926	0.004194631	0.002516779	0.01090604	0.005033557	0.002516779	0.002516779	0.008389262	0	0.000838926	0.002516779	0.005872483	0	0.003355705	0	0.002516779	0	0.000838926	0.000838926	0.001677852	0	0.002516779	0.004194631	0.013422819	0	0	0.000838926	0.001677852	0.002516779	0.003355705	0.000838926	0.015100671	0.015100671	0.000838926	0.005033557	0.01090604	0.006711409	0.002516779	0.006711409	0	0.004194631	0.001677852	0.001677852	0.001677852	0.000838926	0.005033557	0.002516779	0.009228188	0.000838926	0	0.000838926	0.001677852	0	0.000838926	0.000838926	0	0.003355705	0	0.012583893	0.000838926	0.000838926	0.000838926
BAB	BA.2.9	0.003578529	0.0027833	3.58E-03	0.008349901	0.004373757	0.003180915	0.009542744	0.006361829	0.004373757	0.003976143	0.001192843	6.76E-03	0	0.007554672	0.001988072	0.003180915	0	0.001192843	0.000795229	0.001590457	0	0.004771372	0.003976143	0.012326044	0.00E+00	0	0.003180915	0.001192843	0.001192843	0.003976143	0	0.000795229	0.000795229	0.001590457	0.001590457	0.005168986	0.003976143	0.003180915	0.004373757	0.001192843	0.001590457	0.001988072	0.000397614	0.000397614	0.000795229	2.78E-03	0.004373757	0.007554672	0.0027833	0	0.003180915	0.000397614	0.000397614	0.002385686	0.002385686	0.002385686	0.004771372	0	0.008747515	0.002385686	0.002385686	0
BAB	BA.2	0.002555265	0.002674115	2.79E-03	0.009032565	0.006893273	0.002971238	0.003565486	0.006061326	0.002376991	0.005169955	0.003327787	6.89E-03	0.000178274	0.009329689	5.94E-04	0.003030663	3.57E-04	7.73E-04	0.000950796	0.00124792	0	0.00386261	0.003981459	0.007546946	0.00E+00	5.94E-05	0.002555265	0.001663894	0.001545044	0.002198716	0.000237699	0.002258141	0.003149513	0.002079867	3.57E-03	0.00772522	0.004219159	0.002852389	0.005645353	0.001485619	0.002198716	0.002020442	0.000356549	0.001782743	0.001010221	0.002971238	0.003149513	0.007428096	0.002436415	0.000891372	0.002733539	0.000891372	0.000475398	0.001901593	0.00249584	0.001842168	0.004991681	0	0.009032565	0.003506061	0.002911814	0.000297124
BAB	BA.2.12.1	0.005289969	0.003134796	2.55E-03	0.008032915	0.00450627	0.002547022	0.00039185	0.005877743	0.002938871	0.003918495	0.003526646	0.005289969	0.008032915	0.006661442	1.96E-04	0.005289969	3.92E-04	2.74E-03	0.000783699	0.001567398	0	0.007445141	0.003526646	0.009600313	0.00E+00	0	0.00411442	0.002547022	0.009208464	0.003526646	0.000587774	0.001175549	0.003526646	0.002155172	0.000195925	0.004702194	0.005094044	0.003526646	0.003134796	0.002742947	0.001959248	0.002351097	0.000195925	0.003134796	0.002155172	1.76E-03	0.003330721	0.006073668	0.002351097	0.000587774	0.001567398	0.001175549	0	0.002547022	0.002155172	0.001567398	0.003722571	0	0.006269592	0.001567398	0.004310345	0.00039185
BAC	BA.4	0.007246377	0.001207729	0.002415459	0.002415459	0.002415459	0.001207729	0	0.001207729	0.003623188	0.003623188	0.001207729	0.006038647	0	0.003623188	0	0.003623188	0	0.003623188	0.002415459	0	0	0.008454106	0.007246377	0.010869565	0	0	0.007246377	0.006038647	0.016908213	0.007246377	0.001207729	0	0	0.006038647	0	0.002415459	0.004830918	0.006038647	0	0.003623188	0.002415459	0.004830918	0	0.001207729	0.002415459	0.003623188	0.004830918	0.009661836	0	0.004830918	0.001207729	0.002415459	0.001207729	0.001207729	0.001207729	0.002415459	0.006038647	0	0.007246377	0.002415459	0.012077295	0.002415459
BAC	BA.4.1	0.009191176	0.001838235	0.001838235	0.006433824	0.006433824	0.002757353	0	0.004595588	0	0.003676471	0.005514706	0.005514706	0	0.004595588	0	0.005514706	0	0.000919118	0.000919118	0.000919118	0	0.000919118	0.005514706	0.006433824	0	0	0.000919118	0.003676471	0.014705882	0.011948529	0.002757353	0	0.000919118	0.005514706	0	0.001838235	0.005514706	0.009191176	0.001838235	0.001838235	0.000919118	0.001838235	0	0.002757353	0.003676471	0.008272059	0.002757353	0.009191176	0	0.000919118	0.001838235	0	0	0.001838235	0.001838235	0	0.002757353	0	0.005514706	0.001838235	0.003676471	0
BAC	BA.5	0.005042017	0.006722689	0.003361345	0.008403361	0.006722689	0	0.001680672	0.005042017	0.001680672	0.003361345	0.003361345	0.008403361	0	0.003361345	0	0.003361345	0.001680672	0.001680672	0.003361345	0.001680672	0	0.008403361	0.010084034	0.010084034	0	0	0.001680672	0.005042017	0.010084034	0.005042017	0	0	0	0.001680672	0	0.005042017	0.005042017	0.003361345	0.003361345	0	0.003361345	0.001680672	0	0.006722689	0.001680672	0.003361345	0.005042017	0.006722689	0.005042017	0	0.01512605	0	0	0	0	0	0.001680672	0	0.001680672	0.001680672	0.003361345	0
BAC	BA.5.1	0.005923255	0.002575328	0.003347927	0.004893124	0.006438321	0.002317796	0.005150657	0.006180788	0.003090394	0.003862993	0.002575328	0.004120525	0	0.00540819	0.000257533	0.006953387	2.58E-04	3.86E-03	0.003862993	0.004120525	0.00E+00	0.00540819	0.005150657	0.00540819	0	0	3.35E-03	0.002317796	0.010043781	0.007725985	0.00360546	0	0	0.004635591	0.00E+00	0.002575328	0.002832861	0.006180788	0.00180273	0.002575328	0.001287664	0.002575328	0	0.003090394	0.002575328	0.003090394	0.00360546	0.003862993	0.003090394	0.001030131	0.004378058	0.001287664	0.000257533	0.000772599	0.002060263	0.000515066	0.003090394	0	0.00540819	0.004635591	0.006953387	0.000772599
BAC	BA.5.5	0.008221226	0.005979073	0.003736921	0.005979073	0.004484305	0.002242152	0.000747384	0.006726457	0.000747384	0.003736921	0.005231689	0.006726457	0	0.006726457	0	0.006726457	0.000747384	0.001494768	0.001494768	0.007473842	0	0.004484305	0.002989537	0.010463378	0	0	0.000747384	0.002989537	0.009715994	0.004484305	0.001494768	0	0	0.000747384	0	0.003736921	0.001494768	0.005979073	0.000747384	0.000747384	0	0.001494768	0	0.001494768	0.003736921	0.001494768	0.003736921	0.004484305	0.002242152	0.000747384	0.004484305	0.002989537	0	0.002989537	0.002242152	0.001494768	0.002989537	0	0.006726457	0.005979073	0.005979073	0.000747384
BAC	BE.1	0.00326087	0.001086957	0.00326087	0.002173913	0.005434783	0.00326087	0.00326087	0.004347826	0.001086957	0.007608696	0.001086957	0.004347826	0	0.004347826	0	0.005434783	0	0.002173913	0.002173913	0	0	0.00326087	0.009782609	0.005434783	0	0.001086957	0	0.006521739	0.011956522	0.008695652	0.001086957	0	0	0.004347826	0	0.005434783	0	0.00326087	0	0.00326087	0	0.00326087	0	0.00326087	0.002173913	0.00326087	0.007608696	0.004347826	0.001086957	0	0.00326087	0	0	0.002173913	0.00326087	0	0.00326087	0	0.005434783	0.001086957	0.006521739	0
BAC	BA.5.6	0.005861665	0.005861665	0.008206331	0.009378664	0.003516999	0.002344666	0	0.007033998	0.002344666	0.005861665	0.004689332	0.003516999	0	0.002344666	0.001172333	0.001172333	0	0.002344666	0.004689332	0.001172333	0	0.007033998	0.002344666	0.007033998	0	0	0.003516999	0.007033998	0.010550996	0.014067995	0.001172333	0	0	0.005861665	0	0.004689332	0.001172333	0.007033998	0	0.003516999	0.001172333	0.002344666	0	0.002344666	0.004689332	0.002344666	0.003516999	0.011723329	0	0.001172333	0.002344666	0.001172333	0.001172333	0.001172333	0.003516999	0.002344666	0.001172333	0	0.003516999	0	0.002344666	0.001172333
BAC	BA.5.2.1	0.004040884	0.00261469	0.002852389	0.006180176	0.004040884	0.002852389	0.003090088	0.003803185	0.003327787	0.005467079	0.002139292	0.004516282	0	0.005467079	0.000237699	0.00522938	0.000475398	0.003327787	0.002376991	0.003327787	0	0.005942477	0.004516282	0.008557167	0.00E+00	0.000237699	0.002376991	0.004278583	0.012122653	0.008081768	0.003327787	0.000237699	0	0.004040884	0	0.003803185	0.002852389	0.00522938	0.001188495	0.003327787	0.001426194	0.004040884	0	0.000950796	0.001663894	0.00522938	0.004753981	0.005942477	0.002376991	0.000475398	0.004040884	0.001426194	0	0.001188495	0.001188495	0.000475398	0.00261469	0	0.004991681	0.00261469	0.005704778	0.001188495
BAC	BA.5.2	0.005157593	0.00286533	3.44E-03	0.004584527	0.005444126	0.002292264	0.005157593	0.004011461	0.003151862	0.004011461	0.002578797	2.29E-03	0	0.003724928	2.87E-04	0.008022923	0.000573066	2.29E-03	0.002292264	0.002578797	0	0.008309456	0.004584527	0.008022923	0	0	0.004011461	0.002005731	0.01260745	0.008595989	0.002292264	0.000286533	0.000286533	0.004011461	0	0.003724928	0.005444126	0.00773639	0.002005731	0.002578797	0.001432665	0.003151862	0	0.003151862	0.003151862	1.72E-03	0.004011461	0.006303725	0.001719198	0.000859599	0.004297994	0.001146132	0.000286533	0.001146132	0.001719198	0.001146132	0.000859599	0	0.003151862	0.002292264	0.00487106	0.001432665
BAC	BA.4.6	0.003673095	0.004591368	0.003673095	0.004591368	0.003673095	0.002754821	0	0.009182736	0.002754821	0.003673095	0.002754821	0.002754821	0.000918274	0.004591368	0	0.008264463	0.000918274	0	0.002754821	0.000918274	0	0.005509642	0.003673095	0.01010101	0	0	0.004591368	0.003673095	0.005509642	0.004591368	0.001836547	0	0	0.005509642	0	0.009182736	0.001836547	0.006427916	0.001836547	0.001836547	0	0.001836547	0.000918274	0.002754821	0.002754821	0.002754821	0.004591368	0.007346189	0.004591368	0.000918274	0.000918274	0.000918274	0.000918274	0.001836547	0.002754821	0	0.006427916	0	0.004591368	0.001836547	0.007346189	0.000918274
