Group	Mut	101K	109I	10I	125R	125Y	142V	155N	155Y	175M	17F	208I	209Y	23L	29F	2S	2V	30I	34F	40S	4F	69S	69V	70F	70I	75L	7I	82L	98S
Others	B.1	0.003275109	0.018558952	0.003275109	0.002183406	0.050218341	0.007641921	0.001091703	0.017467249	0.019650655	0.026200873	0.018558952	0.033842795	0.022925764	0.010917031	0.030567686	0.024017467	0.003275109	0.019650655	0.002183406	0.017467249	0.018558952	0.006550218	0.027292576	0	0.005458515	0.021834061	0	0.010917031
Others	B.1.1	0.002364066	0.011820331	0.004728132	0.002364066	0.082742317	0.016548463	0	0.016548463	0.026004728	0.01891253	0.021276596	0.021276596	2.36E-02	0.023640662	0.023640662	0.023640662	0	0.011820331	0.007092199	0.021276596	0.021276596	0.007092199	0.030732861	0.004728132	0.011820331	0.014184397	0	0.004728132
Others	B.1.2	0.007009346	0.014018692	0.004672897	0.007009346	0.063084112	0.018691589	0	0.014018692	0.009345794	0.021028037	0.018691589	0.028037383	0.011682243	0.01635514	0.03271028	0.044392523	0.002336449	0.018691589	0.009345794	0.021028037	0	0.004672897	0.01635514	0.007009346	0.002336449	0.021028037	0	0.002336449
Others	B.1.177	0	0.017738359	0.002217295	0.002217295	5.99E-02	0.017738359	0.002217295	0.035476718	0.028824834	0.022172949	0.028824834	0.022172949	0.013303769	0.013303769	0.024390244	0.024390244	0.002217295	0.013303769	0.002217295	0.022172949	0.013303769	0.00886918	0.022172949	0.002217295	0.00443459	0.019955654	0.00E+00	0.006651885
Others	B.1.429	0	0.018867925	0.006289308	0.006289308	0.056603774	0.025157233	0	0.037735849	0.012578616	0.018867925	0.012578616	0.031446541	0.037735849	0.006289308	0.044025157	0.012578616	0.012578616	0.031446541	0.025157233	0.012578616	0.018867925	0	0.006289308	0	0.012578616	0.012578616	0	0.012578616
Others	B.1.351	0	0	0	0	0	0	0	0	0	0	0	0	0	0	0	0	0	0	0	0	0	0	0	0	0	0	0	0
Others	B.1.1.7	0.00068918	0.014817367	0.003445899	0.00275672	5.89E-02	0.018607857	0.00034459	0.018263267	0.016195727	0.020330806	0.016195727	0.024810476	0.014817367	1.69E-02	3.62E-02	0.021019986	0.006547209	0.026878015	0.007925569	0.016195727	0.017574087	0.007236389	0.013094418	0.00206754	0.007580979	0.014128187	0	0.006202619
Others	B.1.526	0	0.046082949	0.00921659	0.004608295	0.046082949	0.013824885	0	0.013824885	0.013824885	0.01843318	0.01843318	0.013824885	0.004608295	0.01843318	0.059907834	0.01843318	0	0.02764977	0	0.013824885	0.013824885	0.00921659	0.00921659	0	0.023041475	0.013824885	0	0.00921659
Others	P.1	0	0.039325843	0	0	0.04494382	0.02247191	0	0.016853933	0.005617978	0.005617978	0.02247191	0.02247191	0.033707865	0.011235955	0.02247191	0.02247191	0	0.02247191	0.005617978	0	0.02247191	0.011235955	0.02247191	0	0.02247191	0.02247191	0	0.011235955
Delta	AY.26	0	0.017964072	0.005988024	0	0.041916168	0.011976048	0.005988024	0.023952096	0.023952096	0.011976048	0.035928144	0.011976048	0.005988024	0.005988024	0.035928144	0.035928144	0	0	0.011976048	0.023952096	0.005988024	0.017964072	0.02994012	0.005988024	0.011976048	0.023952096	0	0.005988024
Delta	AY.5	0.003546099	0.014184397	0.003546099	0	0.031914894	0.007092199	0	0.007092199	0.007092199	0.010638298	0.017730496	0.014184397	0.014184397	0.021276596	0.031914894	0.024822695	0	0.010638298	0	0.007092199	0.010638298	0	0	0.007092199	0.007092199	0.010638298	0.184397163	0.017730496
Delta	AY.4	0.00108676	0.011048723	0.004528165	0.001267886	0.033870676	0.007788444	0.001811266	0.011410976	0.010505343	0.01068647	0.014309002	0.018837167	0.011773229	0.01014309	2.90E-02	0.011592103	6.52E-03	0.011410976	0.006339431	0.008512951	0.013403369	0.007607318	0.014490129	0.002354646	0.003079152	0.012497736	2.42E-01	0.005433798
Delta	AY.122	0	0.021825397	0.003968254	0	0.035714286	0.003968254	0.001984127	0.011904762	0.01984127	0.015873016	0.023809524	0.021825397	0.009920635	0.007936508	0.043650794	0.009920635	0.015873016	0.013888889	0.001984127	0.005952381	0.01984127	0.003968254	0.011904762	0	0	0.007936508	0.055555556	0.013888889
Delta	AY.98	0	0.014245014	0.008547009	0.002849003	0.031339031	0.011396011	0	0.017094017	0.011396011	0.005698006	0.01994302	0.008547009	0.022792023	0.005698006	0.045584046	0.008547009	0.002849003	0.011396011	0.008547009	0.01994302	0.014245014	0.008547009	0.014245014	0	0.002849003	0.022792023	0.225071225	0.005698006
Delta	AY.44	0.002876318	0.0105465	0.008628955	0.000958773	0.047938639	0.015340364	0.001917546	0.012464046	0.009587728	0.014381592	0.020134228	0.024928092	0.009587728	0.01725791	0.039309684	0.0105465	0.016299137	1.05E-02	0.005752637	0.011505273	0.013422819	0.007670182	0.018216683	0.000958773	0.004793864	0.018216683	0	0.0105465
Delta	AY.47	0	0.026666667	0.006666667	0	0.053333333	0.006666667	0.006666667	0.02	0.02	0.02	0.02	0	0.006666667	0.013333333	0.026666667	0.02	0.026666667	0.013333333	0.006666667	0.006666667	0.033333333	0.006666667	0.013333333	0.006666667	0.006666667	0.026666667	0	0.026666667
Delta	AY.25	0.001932367	0.01352657	0.009661836	0.000966184	0.058937198	0.005797101	0.001932367	0.011594203	0.018357488	0.01352657	0.017391304	0.026086957	0.014492754	0.012560386	0.034782609	0.019323671	0.026086957	0.017391304	0.010628019	0.011594203	0.009661836	0.009661836	0.022222222	0.004830918	0.003864734	0.015458937	0.000966184	0.005797101
Delta	AY.3	0	0.019505852	0.00520156	0.00390117	4.03E-02	0.015604681	0.00130039	0.014304291	0.013003901	0.013003901	0.027308192	0.022106632	0.009102731	0.020806242	3.90E-02	0.024707412	0.010403121	0.010403121	0.006501951	0.011703511	0.019505852	0.009102731	0.026007802	0.00260078	0.00130039	0.018205462	0.007802341	0.00390117
Delta	AY.43	0.00136612	0.013661202	0.00273224	0.00136612	0.042349727	0.008196721	0.00136612	0.017759563	0.019125683	0.010928962	0.025956284	0.012295082	0.012295082	0.015027322	3.28E-02	0.009562842	0.004098361	0.004098361	0.00273224	0.016393443	0.012295082	0.010928962	0.008196721	0.00136612	6.83E-03	0.019125683	0.135245902	0.015027322
Delta	AY.39	0.004504505	0.027027027	0.009009009	0.004504505	0.04954955	0.027027027	0	0.022522523	0.013513514	0.018018018	0.018018018	0.018018018	0.004504505	0.031531532	0.054054054	0.022522523	0.004504505	0.013513514	0.004504505	0.009009009	0.004504505	0.004504505	0.018018018	0.004504505	0	0.022522523	0	0.004504505
Delta	AY.103	0.002504174	0.014190317	0.008347245	0.003338898	0.035893155	0.008347245	0.004173623	0.020033389	0.012520868	0.015859766	0.014190317	0.024207012	0.012520868	0.026711185	3.26E-02	0.028380634	0.01836394	1.42E-02	0.008347245	0.017529215	0.015859766	0.005008347	0.015025042	0.006677796	0.001669449	0.020868114	8.35E-04	0.006677796
Delta	AY.100	0.006309148	0.009463722	0.009463722	0	0.059936909	0.003154574	0	0.012618297	0.003154574	0.018927445	0.022082019	0.022082019	0.006309148	0.018927445	0.05362776	0.028391167	0	9.46E-03	0.018927445	0.009463722	0.012618297	0.018927445	0.028391167	0.003154574	0	0.034700315	0	0.003154574
BAA	BA.1	0.001135074	0.00908059	0.010215664	0.001135074	0.034052213	0.013620885	0.003405221	0.020431328	0.013620885	0.022701476	0.014755959	0.006810443	0.007945516	3.41E-03	7.95E-03	0.007945516	7.95E-03	0.021566402	0.013620885	0.013620885	3.41E-03	0.019296254	0.004540295	0.003405221	1.14E-03	0.011350738	0	0.010215664
BAA	BA.1.17	0	0	0	0	0	0	0	0	0	0	0	0	0	0	0	0	0	0	0	0	0	0	0	0	0	0	0	0
BAA	BA.1.18	0	0	0	0	0	0	0	0	0	0	0	0	0	0	0	0	0	0	0	0	0	0	0	0	0	0	0	0
BAA	BA.1.20	0	0	0	0	0	0	0	0	0	0	0	0	0	0	0	0	0	0	0	0	0	0	0	0	0	0	0	0
BAA	BA.1.15	0.023622047	0	0.007874016	0	0.031496063	0.007874016	0.007874016	0.023622047	0.015748031	0.019685039	0.023622047	0.015748031	0.007874016	7.87E-03	7.87E-03	0.007874016	0.007874016	0.035433071	0.015748031	0	7.87E-03	0.011811024	0.011811024	0.003937008	0.00E+00	0.007874016	0	0
BAA	BA.1.1.18	0.00617284	0.030864198	0	0	0.030864198	0.012345679	0	0.012345679	0.00617284	0.037037037	0.018518519	0.018518519	0	0.00617284	0.00617284	0.00617284	0.00617284	0.049382716	0.018518519	0.024691358	0.012345679	0.037037037	0	0	0	0.030864198	0	0
BAA	BA.1.17.2	0.006382979	0.019148936	0.021276596	0.00212766	0.027659574	0.010638298	0.004255319	0.010638298	0.012765957	0.019148936	0.023404255	4.26E-03	0.008510638	2.55E-02	0.006382979	0.010638298	0.004255319	0.019148936	0.021276596	0.021276596	4.26E-03	0.019148936	0.010638298	0.004255319	0.00212766	0.006382979	0	0.006382979
BAA	BA.1.1	0.003911343	0.009126467	0.006518905	0.002172968	0.044328553	0.01303781	0.003042156	0.014341591	0.010864841	0.018687527	0.018252934	0.006953498	0.009995654	0.011734029	1.04E-02	0.007388092	6.52E-03	0.03085615	0.011734029	0.013472403	8.69E-03	0.015210778	0.003476749	0.003476749	2.17E-03	0.013906997	0	0.00478053
BAA	BA.1.15.1	0.007936508	0.015873016	0.015873016	0	0.03968254	0.023809524	0	0.015873016	0.015873016	0.015873016	0	0.015873016	0	0	0.023809524	0	0	0.015873016	0.007936508	0.007936508	0.007936508	0.023809524	0	0.031746032	0	0	0	0
BAA	BA.1.1.1	0	0	0	0	0	0	0	0	0	0	0	0	0	0	0	0	0	0	0	0	0	0	0	0	0	0	0	0
BAB	BA.2.10	0	0	0	0	0	0	0	0	0	0	0	0	0	0	0	0	0	0	0	0	0	0	0	0	0	0	0	0
BAB	BA.2.3	0	0.010928962	0	0	0.06557377	0.016393443	0.010928962	0.016393443	0.021857923	0.06010929	0.010928962	0.010928962	0.005464481	0.005464481	0.038251366	0.016393443	0.005464481	0.016393443	0.005464481	0.010928962	0.010928962	0.027322404	0.005464481	0	0	0.032786885	0	0
BAB	BA.2.9	0.002053388	0.004106776	1.85E-02	0.030800821	0.039014374	0.01026694	0.006160164	0.022587269	0.014373717	0.039014374	0.024640657	1.23E-02	0.01026694	0.01026694	0.04312115	0.020533881	0.002053388	0.016427105	0.01026694	0.04312115	0.002053388	0.008213552	0.006160164	0.002053388	4.11E-03	0.016427105	0	0.008213552
BAB	BA.2	0.002282237	0.005325219	5.71E-03	0.002282237	0.052491442	0.009128946	0.007227083	0.023583111	0.015975656	0.039178395	0.013313047	7.61E-03	0.008748574	0.010650437	3.69E-02	0.02472423	5.33E-03	1.64E-02	0.012932674	0.031951312	0.008368201	0.017116774	0.010270065	0.005705591	4.56E-03	0.021300875	0	0.003042982
BAB	BA.2.12.1	0.001424501	0.015669516	4.27E-03	0.005698006	0.074074074	0.005698006	0.004273504	0.015669516	0.025641026	0.047008547	0.024216524	0.012820513	0.008547009	0.014245014	3.13E-02	0.011396011	2.85E-03	9.97E-03	0.002849003	0.028490028	0.005698006	0.024216524	0.005698006	0.007122507	5.70E-03	0.024216524	0	0.004273504
BAC	BA.4	0	0.019047619	0.00952381	0	0.019047619	0	0.028571429	0.019047619	0.047619048	0.047619048	0.038095238	0.00952381	0.00952381	0.00952381	0.019047619	0	0.00952381	0	0.00952381	0.028571429	0.028571429	0.019047619	0.00952381	0.00952381	0.00952381	0.019047619	0	0.00952381
BAC	BA.4.1	0	0	0.018292683	0	0.042682927	0.006097561	0.012195122	0.048780488	0.012195122	0.030487805	0.006097561	0.006097561	0.006097561	0.018292683	0.012195122	0.030487805	0	0.006097561	0	0.030487805	0.006097561	0.036585366	0.018292683	0	0.012195122	0.024390244	0	0.006097561
BAC	BA.5	0	0	0	0	0	0	0	0	0	0	0	0	0	0	0	0	0	0	0	0	0	0	0	0	0	0	0	0
BAC	BA.5.1	0	0.017676768	0.005050505	0	0.053030303	0.005050505	0	0.025252525	0.012626263	0.035353535	0.02020202	0.025252525	0.015151515	0.017676768	0.060606061	0.01010101	2.53E-03	5.05E-03	0.017676768	0.03030303	1.26E-02	0.027777778	0.007575758	0.005050505	0	0.022727273	0.00E+00	0
BAC	BA.5.5	0	0.008547009	0.025641026	0	0.068376068	0.008547009	0.017094017	0.042735043	0.017094017	0.025641026	0.025641026	0.025641026	0	0.008547009	0.05982906	0.017094017	0.008547009	0	0.025641026	0.017094017	0	0.025641026	0.008547009	0.017094017	0	0.034188034	0	0
BAC	BE.1	0	0	0	0	0	0	0	0	0	0	0	0	0	0	0	0	0	0	0	0	0	0	0	0	0	0	0	0
BAC	BA.5.6	0	0.018691589	0.009345794	0.009345794	0.065420561	0.018691589	0	0.009345794	0.009345794	0.037383178	0.037383178	0.009345794	0	0.028037383	0.018691589	0.046728972	0.009345794	0	0.037383178	0.009345794	0	0.009345794	0.009345794	0.009345794	0	0.028037383	0	0
BAC	BA.5.2.1	0	0.027777778	0.006944444	0.006944444	0.055555556	0	0.006944444	0.043981481	0.009259259	0.020833333	0.025462963	0.006944444	0.011574074	0.018518519	0.020833333	0.037037037	0.011574074	0.00462963	0.018518519	0.032407407	0.018518519	0.020833333	0.009259259	0.013888889	0.00E+00	0.011574074	0	0.002314815
BAC	BA.5.2	0.002832861	0.011331445	2.83E-03	0.002832861	0.059490085	0.011331445	0	0.019830028	0.005665722	0.042492918	0.016997167	1.70E-02	0.011331445	0.039660057	3.97E-02	0.019830028	0.008498584	8.50E-03	0.016997167	0.014164306	0.008498584	0.014164306	0.008498584	0.005665722	0	0.028328612	0	0
BAC	BA.4.6	0	0.016260163	0	0.016260163	0.024390244	0.008130081	0.008130081	0.056910569	0.016260163	0.040650407	0.040650407	0.016260163	0.024390244	0	0.008130081	0.024390244	0	0.016260163	0	0.016260163	0.024390244	0.040650407	0.008130081	0.016260163	0.008130081	0.032520325	0	0.008130081
