Group	Mut	100C	104L	108F	131C	151I	155Y	15F	165F	166L	172C	175I	176I	177N	185H	213K	21N	229I	23V	240L	240S	40L	41F	53F	54S	54V	60F	69C	70P	74F	78Y	89I	93Y	94F	9K
Others	B.1	0.010586812	0.003327284	0.010284332	0.007562008	0.012099214	0.012401694	0.006049607	0.006049607	0.005747126	0.006049607	0.012099214	0.006352087	0.00030248	0.006957048	0.004537205	0.009679371	0.007562008	0.008469449	0.00877193	0.00907441	0.012099214	0.003932244	0.009679371	0.008469449	0.007864489	0.003024803	0.004234725	0	0.006957048	0.012704174	0.013914096	0.002722323	0.002722323	0.002117362
Others	B.1.1	0.011406844	0.006970849	0.006970849	0.013941698	0.010139417	0.014575412	0.006970849	0.004435995	0.008238276	0.005069708	0.015209125	0.009505703	0.00E+00	0.006970849	0.006337136	0.008238276	0.009505703	0.003168568	0.008238276	0.005703422	0.004435995	0.005703422	0.009505703	0.011406844	0.010139417	0.006970849	0.003802281	0	0.008238276	0.014575412	0.013307985	0.002534854	0.001267427	0.00E+00
Others	B.1.2	0.0056926	0.005060089	0.014547755	0.010120177	0.009487666	0.013282732	0.004427577	0.003162555	0.0056926	0.002530044	0.020240354	0.003795066	0	0.008222644	0.0056926	0.012650221	0.003795066	0.008222644	0.005060089	0.008222644	0.011385199	0.006957622	0.012650221	0.008855155	0.008855155	0.005060089	0.003162555	0.001265022	0.008855155	0.015180266	0.013915244	0.001265022	0.001897533	0.000632511
Others	B.1.177	0.009815951	0.009815951	0.006748466	0.020858896	7.98E-03	0.008588957	0.001840491	0.009202454	0.00797546	0.002453988	0.017177914	0.007361963	0	0.009202454	0.006134969	0.004907975	0.005521472	0.008588957	0.008588957	0.006748466	0.011042945	0.006748466	0.014110429	0.007361963	0.007361963	0.006134969	3.07E-03	0	0.011656442	0.010429448	0.018404908	0.003067485	0.006134969	0.001226994
Others	B.1.429	0.0112	0.0032	0.016	0.0064	0.0064	0.0144	0.0096	0.0176	0.0064	0.0064	0.0176	0.0144	0	0.0112	0.0032	0.0112	0.0064	0.0016	0.0032	0.0064	0.0112	0.0032	0.0064	0.0128	0.0128	0.0096	0.008	0	0.0048	0.0144	0.0096	0.0016	0.0032	0.0016
Others	B.1.351	0.016042781	0	0.005347594	0.021390374	0.016042781	0	0.021390374	0	0.010695187	0.021390374	0.021390374	0.005347594	0	0.005347594	0	0.016042781	0.010695187	0.016042781	0	0.010695187	0.005347594	0.005347594	0.005347594	0.026737968	0	0.005347594	0	0	0	0.021390374	0.010695187	0	0.021390374	0
Others	B.1.1.7	0.010690093	0.00550381	0.011748518	0.012806943	8.36E-03	0.013018628	0.005186283	0.008255715	0.007938188	0.006456393	0.016934801	0.007091448	3.18E-04	9.10E-03	4.76E-03	0.00719729	0.00719729	0.005609653	0.010160881	0.007514818	0.009314141	0.00762066	0.010478408	0.005609653	0.00719729	5.50E-03	0.004762913	0	0.007514818	0.014712108	0.013124471	0.002646063	0.003704488	0.000635055
Others	B.1.526	0.006644518	0.011627907	0.003322259	0.011627907	0.008305648	0.021594684	0.004983389	0.00166113	0.003322259	0.003322259	0.019933555	0.009966777	0	0.008305648	0.004983389	0.023255814	0.004983389	0.003322259	0.013289037	0.009966777	0.013289037	0.006644518	0.009966777	0.004983389	0.014950166	0	0.00166113	0	0.004983389	0.003322259	0.018272425	0.003322259	0.00166113	0
Others	P.1	0.005747126	0.003831418	0.011494253	0.019157088	0.01532567	0.011494253	0.003831418	0.005747126	0.007662835	0.009578544	0.011494253	0.005747126	0	0.009578544	0.001915709	0	0.009578544	0.001915709	0.005747126	0.011494253	0.001915709	0.005747126	0.013409962	0.003831418	0.007662835	0.003831418	0.009578544	0	0.01532567	0.013409962	0.011494253	0	0.009578544	0
Delta	AY.26	0.016666667	0.003703704	0.012962963	0.009259259	0.009259259	0.003703704	0.001851852	0.005555556	0.005555556	0.007407407	0.022222222	0.007407407	0.001851852	0.003703704	0.001851852	0.005555556	0.009259259	0.009259259	0.007407407	0.005555556	0.001851852	0.007407407	0.014814815	0.009259259	0.009259259	0.003703704	0.014814815	0	0.001851852	0.012962963	0.014814815	0.001851852	0.009259259	0.001851852
Delta	AY.5	0.014778325	0.001231527	0.011083744	0.017241379	0.003694581	0.016009852	0.002463054	0.006157635	0.004926108	0.00862069	0.00862069	0.002463054	0.002463054	0.011083744	0.001231527	0.009852217	0.004926108	0.009852217	0.009852217	0.004926108	0.006157635	0.004926108	0.014778325	0.007389163	0.00862069	0.002463054	0.013546798	0	0.006157635	0.012315271	0.007389163	0.003694581	0.003694581	0.003694581
Delta	AY.4	0.00747189	0.004280015	0.009865796	0.012042075	0.007979688	0.013783098	0.002901705	0.005440696	0.005658324	0.007036634	0.012767501	0.005585782	5.08E-04	0.007544432	4.35E-03	0.003772216	5.51E-03	0.004860355	0.009067827	0.005875952	0.00914037	0.008269859	0.01051868	0.007109177	0.008124773	2.90E-03	1.10E-02	0.001305767	0.009503083	0.012042075	0.009720711	0.002901705	0.002974247	1.60E-03
Delta	AY.122	0.00792752	0.00396376	0.005662514	0.009060023	0.010758777	0.014722537	0.003397508	0.007361268	0.002831257	0.006228766	0.009060023	0.006228766	0.000566251	0.00792752	0.005662514	0.00396376	0.007361268	0.005662514	0.009626274	0.006795017	0.004530011	0.005662514	0.011325028	0.005096263	0.007361268	0.000566251	0.010192525	0.019252548	0.010758777	0.018686297	0.00792752	0.000566251	0.001698754	0.003397508
Delta	AY.98	0.005567929	0.002227171	0.004454343	0.016703786	0.0077951	0.025612472	0.002227171	0.003340757	0.005567929	0.005567929	0.0077951	0.003340757	0	0.0077951	0.004454343	0.005567929	0.006681514	0.004454343	0.005567929	0.0077951	0.010022272	0.006681514	0.016703786	0.002227171	0.012249443	0.006681514	0.0155902	0.005567929	0.0077951	0.016703786	0.005567929	0.004454343	0.003340757	0.001113586
Delta	AY.44	0.008153603	0.005260389	0.012361915	0.01446607	0.010783798	0.011309837	0.002630195	0.008679642	0.004471331	0.007101526	0.014992109	0.005786428	0.000789058	0.006312467	0.004208311	0.002367175	0.006575487	5.00E-03	0.008679642	0.007364545	0.012887954	0.007627564	0.013940032	0.007364545	0.00973172	0.003156234	0.00973172	0	0.008679642	0.011835876	0.00973172	0.002367175	0.003682272	0.001578117
Delta	AY.47	0.008130081	0	0.008130081	0.011382114	0.008130081	0.004878049	0	0.01300813	0.001626016	0.003252033	0.011382114	0.011382114	0.001626016	0.008130081	0.006504065	0.003252033	0.003252033	0	0.009756098	0.008130081	0.006504065	0.006504065	0.014634146	0.008130081	0.006504065	0	0.009756098	0	0.011382114	0.01300813	0.014634146	0.017886179	0.001626016	0.001626016
Delta	AY.25	0.006851355	0.007447125	0.010128091	0.011319631	0.00893655	0.010723861	0.002085195	0.005659815	0.010128091	0.011319631	0.011021746	0.00655347	0.000893655	0.010425976	0.002680965	0.003872505	0.008042895	0.005064045	0.009532321	0.009532321	0.00834078	0.0059577	0.014000596	0.005659815	0.007447125	0.00119154	0.010128091	0.00059577	0.00834078	0.00834078	0.013106941	0.003872505	0.002680965	0.00119154
Delta	AY.3	0.010405454	0.00574094	0.010764263	0.013275924	1.00E-02	0.007176175	0.001794044	0.006099749	0.006458558	0.006817366	0.012917115	0.004305705	0.000717618	0.006817366	3.95E-03	0.004305705	0.004664514	0.003946896	0.00574094	0.00574094	0.006458558	0.008252601	0.015787585	0.007534984	0.009687836	0.002152853	0.01148188	0	0.008970219	0.015069968	0.007893793	0.001794044	0.002511661	0.002511661
Delta	AY.43	0.005390836	0.004941599	0.009433962	0.010332435	0.007637017	0.013027853	0.003144654	0.007637017	0.005390836	0.004492363	0.012578616	0.004941599	0.000449236	0.00853549	6.29E-03	0.002695418	0.004492363	0.003144654	0.013027853	0.004492363	0.011230907	0.006738544	0.011680144	0.00853549	1.03E-02	0.002695418	0.010781671	0.02785265	0.012578616	0.028301887	0.008984726	0.000898473	0.004492363	0.000898473
Delta	AY.39	0.009574468	0.007446809	0.009574468	0.005319149	0.007446809	0.013829787	0	0.004255319	0.007446809	0.006382979	0.011702128	0.009574468	0	0.004255319	0.005319149	0.008510638	0.008510638	0.008510638	0.006382979	0.005319149	0.009574468	0.003191489	0.014893617	0.005319149	0.007446809	0.003191489	0.013829787	0	0.011702128	0.010638298	0.009574468	0.008510638	0.003191489	0.00106383
Delta	AY.103	0.009485095	0.005194219	0.008807588	0.010388437	0.008807588	0.008581752	0.003161698	0.006775068	0.006775068	0.006097561	0.010388437	0.004968383	0.000677507	0.008355917	3.61E-03	0.006097561	0.006097561	4.74E-03	0.008355917	0.004290876	0.00767841	0.007452575	0.010388437	0.006775068	0.011969286	0.002935863	8.81E-03	0	0.009936766	0.015582656	0.010162602	0.002258356	0.003387534	0.001129178
Delta	AY.100	0.007861635	0.004716981	0.011006289	0.007861635	0.011792453	0.009433962	0.003930818	0.010220126	0.007861635	0.002358491	0.012578616	0.006289308	0	0.007861635	0.001572327	0.003144654	0.005503145	2.36E-03	0.006289308	0.007075472	0.009433962	0.007075472	0.011006289	0.004716981	0.005503145	0.004716981	0.009433962	0	0.014150943	0.014150943	0.009433962	0.002358491	0.003930818	1.57E-03
BAA	BA.1	0.003238342	0.007124352	0.012953368	0.006800518	0.01003886	0.006476684	0.003562176	0.007124352	0.01003886	0.003562176	0.015867876	0.004857513	0.001295337	7.77E-03	1.49E-02	0.008095855	8.10E-03	0.003238342	0.007124352	0.008743523	1.42E-02	0.006800518	0.009067358	0.001943005	8.74E-03	0.005181347	0.004857513	0.00615285	0.015867876	0.011010363	0.013601036	0.003238342	0.001295337	0.005505181
BAA	BA.1.17	0.018237082	0.003039514	0.012158055	0.006079027	0.006079027	0.003039514	0.003039514	0.009118541	0.018237082	0.009118541	0.021276596	0.009118541	0.006079027	0.006079027	0.003039514	0.009118541	0.009118541	0.003039514	0.006079027	0.012158055	0.012158055	0.012158055	0.015197568	0.003039514	0.012158055	0.003039514	0	0.015197568	0.006079027	0.024316109	0.009118541	0.006079027	0.003039514	0
BAA	BA.1.18	0	0	0.009230769	0.003076923	0.006153846	0.070769231	0.003076923	0.009230769	0.009230769	0.006153846	0.009230769	0.003076923	0.018461538	0.003076923	0.003076923	0.018461538	0.003076923	0.003076923	0.003076923	0.012307692	0	0.012307692	0.009230769	0	0.009230769	0.006153846	0.003076923	0.033846154	0.015384615	0.015384615	0.009230769	0	0.006153846	0.009230769
BAA	BA.1.20	0.008064516	0.004032258	0.028225806	0.004032258	0.016129032	0.008064516	0.004032258	0.016129032	0.008064516	0	0.016129032	0.008064516	0	0.008064516	0.016129032	0.02016129	0.004032258	0.004032258	0.016129032	0.004032258	0.008064516	0.012096774	0.012096774	0.008064516	0.004032258	0.012096774	0	0.004032258	0.004032258	0.02016129	0.016129032	0.004032258	0	0.004032258
BAA	BA.1.15	0.002719855	0.012692656	0.012692656	0.00543971	0.01087942	0.004533092	0.002719855	0.084315503	0.002719855	0.004533092	0.013599275	0.006346328	0.001813237	4.53E-03	1.63E-02	0.011786038	0.004533092	0.00543971	0.004533092	0.003626473	8.16E-03	0.003626473	0.011786038	0.00543971	7.25E-03	0.00543971	0.001813237	0.007252947	0.017225748	0.013599275	0.01631913	0.002719855	0.003626473	0.007252947
BAA	BA.1.1.18	0.001560062	0	0.015600624	0.009360374	0.00624025	0.014040562	0.001560062	0.007800312	0.00624025	0	0.012480499	0.007800312	0	0.001560062	0.010920437	0.012480499	0.010920437	0.004680187	0.001560062	0.017160686	0.00624025	0.007800312	0.00624025	0.004680187	0.004680187	0.007800312	0.003120125	0	0.015600624	0.001560062	0.012480499	0.001560062	0.001560062	0.00624025
BAA	BA.1.17.2	0.002546149	0.007638447	0.007638447	0.004455761	0.012094208	0.00700191	0.003182686	0.00700191	0.006365372	0.004455761	0.016549968	1.15E-02	0.000636537	6.37E-03	0.017823043	0.010184596	0.00700191	0.005728835	0.006365372	0.00700191	7.00E-03	0.006365372	0.01145767	0.002546149	0.00700191	0.008911521	0.004455761	0.002546149	0.015276894	0.006365372	0.009548059	0.001909612	0.002546149	7.00E-03
BAA	BA.1.1	0.00376442	0.007893139	0.011171828	0.006435944	0.012143291	0.008986035	0.00291439	0.008136005	0.008500304	0.004735883	0.015786278	0.005221615	0.000364299	0.007285974	1.37E-02	0.008136005	8.99E-03	0.00376442	0.006314511	0.005464481	1.06E-02	0.009107468	0.012629022	0.003278689	1.12E-02	0.008864602	0.003521554	0.009350334	0.016150577	0.011171828	0.010564663	0.004128719	0.005100182	0.00582878
BAA	BA.1.15.1	0.007653061	0.025510204	0.012755102	0.005102041	0.012755102	0.005102041	0.005102041	0.015306122	0.005102041	0.012755102	0.017857143	0.007653061	0	0.005102041	0.012755102	0.017857143	0.00255102	0.007653061	0.010204082	0.00255102	0.015306122	0.007653061	0.005102041	0	0.005102041	0.005102041	0	0	0.012755102	0.010204082	0.007653061	0.005102041	0.00255102	0.00255102
BAA	BA.1.1.1	0	0.016286645	0.016286645	0.006514658	0.006514658	0.013029316	0.006514658	0.006514658	0.006514658	0	0.026058632	0.009771987	0	0.009771987	0.009771987	0.042345277	0.006514658	0.013029316	0.003257329	0.013029316	0	0.009771987	0.013029316	0	0.009771987	0.009771987	0	0.013029316	0.009771987	0.026058632	0.009771987	0.003257329	0	0.019543974
BAB	BA.2.10	0.003521127	0.014084507	0.014084507	0.003521127	0	0.003521127	0	0	0.01056338	0.003521127	0.007042254	0.014084507	0	0.007042254	0.031690141	0.021126761	0.003521127	0.01056338	0.01056338	0.007042254	0.031690141	0.024647887	0.014084507	0	0	0.007042254	0	0	0.014084507	0.014084507	0.031690141	0.007042254	0.01056338	0.003521127
BAB	BA.2.3	0.005347594	0.010695187	0.016042781	0.003565062	0.001782531	0.007130125	0.008912656	0.003565062	0.008912656	0.001782531	0.01426025	0.007130125	0	0.007130125	0.017825312	0.008912656	0.010695187	0.008912656	0.01426025	0.007130125	0.008912656	0.012477718	0.005347594	0.001782531	0.007130125	0.001782531	0	0.003565062	0.023172906	0.010695187	0.028520499	0.001782531	0.005347594	0.012477718
BAB	BA.2.9	0.003960396	0.004620462	9.90E-03	0.00660066	0.00330033	0.00990099	0.005280528	0.001980198	0.008580858	0.00330033	0.017161716	4.62E-03	0.001320132	0.001320132	0.02970297	0.015841584	0.00660066	0.001980198	0.005280528	0.00660066	0.009240924	0.00660066	0.007920792	0.005280528	8.58E-03	0.00330033	0.000660066	0.012541254	0.015181518	0.115511551	0.014521452	0.001320132	0.004620462	0.007920792
BAB	BA.2	0.003264295	0.008217019	1.32E-02	0.004615038	0.006866276	0.006866276	0.003264295	0.004389914	0.008667267	0.002588924	0.018347591	9.34E-03	0.000675371	0.004389914	2.52E-02	0.010918505	9.34E-03	6.98E-03	0.009342638	0.008329581	0.008329581	0.008554705	0.009905448	0.003376857	7.77E-03	7.43E-03	0.003601981	0.005065286	0.017897344	0.011368753	0.018910401	0.003714543	0.003489419	0.006303467
BAB	BA.2.12.1	0.005069708	0.005492184	1.73E-02	0.007604563	0.010139417	0.008027038	0.004647233	0.004224757	0.010561893	0.000422476	0.01478665	0.00887199	0	0.006337136	1.31E-02	0.00887199	8.45E-03	9.72E-03	0.00887199	0.010561893	0.007182087	0.00887199	0.013096747	0.006337136	8.87E-03	0.007182087	0.004647233	0	0.017321504	0.010561893	0.019433883	0.00295733	0.004224757	0.003379806
BAC	BA.4	0.002570694	0.017994859	0.010282776	0.007712082	0.002570694	0.002570694	0.002570694	0	0.01285347	0.010282776	0.007712082	0.005141388	0	0.017994859	0.010282776	0.010282776	0.010282776	0	0.010282776	0.01285347	0.015424165	0.017994859	0.017994859	0.007712082	0.01285347	0.010282776	0	0	0.01285347	0.010282776	0.023136247	0	0.002570694	0
BAC	BA.4.1	0.005524862	0.009208103	0.012891344	0.007366483	0.011049724	0.003683241	0.001841621	0.001841621	0.003683241	0.007366483	0.012891344	0.001841621	0	0.003683241	0.020257827	0.009208103	0.005524862	0.018416206	0.009208103	0.009208103	0.005524862	0.005524862	0.009208103	0.001841621	0.007366483	0.007366483	0.009208103	0	0.016574586	0.011049724	0.014732965	0.003683241	0	0.005524862
BAC	BA.5	0.004032258	0.02016129	0.016129032	0.008064516	0.004032258	0.004032258	0	0	0.008064516	0.012096774	0.016129032	0.012096774	0	0.004032258	0.02016129	0.012096774	0.02016129	0.004032258	0.012096774	0.008064516	0.02016129	0	0	0.012096774	0.012096774	0.004032258	0.012096774	0.004032258	0.008064516	0.012096774	0.012096774	0.004032258	0	0.004032258
BAC	BA.5.1	0.00540906	0.00270453	0.00811359	0.016227181	0.004056795	0.009465855	0.004056795	0.00270453	0.008789723	0.006085193	0.018931711	0.006761325	0.002028398	0.006761325	0.018931711	0.01352265	1.15E-02	2.03E-03	0.007437458	0.004056795	8.79E-03	0.011494253	0.01081812	0.006085193	0.009465855	0.007437458	4.06E-03	0	0.020960108	0.008789723	0.010141988	0.001352265	0.00540906	0.003380663
BAC	BA.5.5	0.001712329	0.006849315	0.011986301	0.008561644	0.006849315	0.011986301	0	0.005136986	0.001712329	0.008561644	0.010273973	0.005136986	0	0.001712329	0.022260274	0.022260274	0.017123288	0.003424658	0.011986301	0.008561644	0.017123288	0.018835616	0.006849315	0.008561644	0.008561644	0.003424658	0.003424658	0	0.01369863	0.01369863	0.008561644	0.003424658	0.001712329	0.001712329
BAC	BE.1	0.007853403	0.007853403	0.018324607	0.013089005	0.005235602	0.005235602	0.002617801	0	0.005235602	0	0.005235602	0.005235602	0	0.013089005	0.036649215	0.013089005	0.005235602	0.002617801	0.013089005	0.010471204	0.007853403	0.010471204	0.010471204	0.007853403	0	0.018324607	0	0	0.010471204	0.005235602	0.007853403	0.005235602	0.002617801	0
BAC	BA.5.6	0	0	0.010958904	0.008219178	0.008219178	0.005479452	0	0.010958904	0.002739726	0.005479452	0.005479452	0.01369863	0.002739726	0.002739726	0.019178082	0.016438356	0.005479452	0.005479452	0.01369863	0.008219178	0.005479452	0.002739726	0.024657534	0.008219178	0.002739726	0.002739726	0.002739726	0	0.016438356	0.008219178	0.005479452	0	0	0.008219178
BAC	BA.5.2.1	0.007046389	0.008220787	0.012918379	0.007633588	0.008220787	0.008807986	0.008807986	0.001761597	0.005871991	0.001174398	0.020551967	0.00645919	0.003523194	0.008807986	0.015267176	0.01233118	0.008220787	0.005871991	0.009395185	0.011156782	0.008807986	0.008807986	0.014092777	0.005871991	9.98E-03	0.01233118	0.002348796	0	0.014092777	0.009395185	0.013505578	0.005871991	0.007633588	0.004697592
BAC	BA.5.2	0.003750938	0.014253563	6.00E-03	0.008252063	0.006751688	0.012003001	0.0060015	0.001500375	0.0060015	0.00300075	0.020255064	4.50E-03	0.000750188	0.005251313	2.10E-02	0.011252813	0.010502626	1.05E-02	0.013503376	0.006751688	0.007501875	0.007501875	0.009002251	0.00300075	0.005251313	0.0060015	0.005251313	0	0.017254314	0.010502626	0.014253563	0.003750938	0.004501125	0.00300075
BAC	BA.4.6	0.004405286	0.008810573	0.019823789	0.004405286	0.00660793	0.008810573	0.004405286	0.004405286	0.011013216	0	0.019823789	0.00660793	0	0.008810573	0.026431718	0.00660793	0.002202643	0.008810573	0.00660793	0.00660793	0.015418502	0.011013216	0.011013216	0.00660793	0.015418502	0.008810573	0.00660793	0	0.013215859	0.013215859	0.013215859	0.00660793	0.011013216	0.00660793
