Group	Mut	10L	10S	20I	23F	24C	28V	31Y	37F	38I	8V
Others	B.1	0.033426184	0.066852368	0.013927577	0.072423398	0.116991643	0.055710306	0.030640669	0.080779944	0.019498607	0.027855153
Others	B.1.1	0.043478261	0.086956522	0.005434783	0.054347826	0.070652174	0.086956522	0.043478261	0.038043478	0.016304348	0.092391304
Others	B.1.2	0.032432432	0.059459459	0.010810811	0.054054054	0.081081081	0.064864865	0.054054054	0.081081081	0.037837838	0.048648649
Others	B.1.177	0.033613445	0.134453782	0	0.067226891	1.01E-01	0.033613445	0.050420168	0.075630252	0.016806723	0.084033613
Others	B.1.429	0	0	0	0	0	0	0	0	0	0
Others	B.1.351	0	0	0	0	0	0	0	0	0	0
Others	B.1.1.7	0.030368764	0.087852495	0.00867679	0.056399132	8.89E-02	0.072668113	0.03362256	0.073752711	0.022776573	0.055314534
Others	B.1.526	0	0	0	0	0	0	0	0	0	0
Others	P.1	0	0	0	0	0	0	0	0	0	0
Delta	AY.26	0	0	0	0	0	0	0	0	0	0
Delta	AY.5	0.044642857	0.071428571	0.026785714	0.044642857	0.098214286	0.053571429	0.053571429	0.008928571	0.008928571	0.035714286
Delta	AY.4	0.021194605	0.049454078	0.026332691	0.047527296	0.07642903	0.052023121	0.045600514	0.047527296	0.017983301	0.039820167
Delta	AY.122	0.047393365	0.033175355	0.023696682	0.061611374	0.061611374	0.075829384	0.037914692	0.033175355	0.023696682	0.028436019
Delta	AY.98	0.017241379	0.051724138	0.043103448	0.051724138	0.043103448	0.094827586	0.051724138	0.051724138	0.034482759	0.025862069
Delta	AY.44	0.042056075	0.039719626	0.025700935	0.060747664	0.051401869	0.049065421	0.051401869	0.063084112	0.023364486	0.030373832
Delta	AY.47	0	0	0	0	0	0	0	0	0	0
Delta	AY.25	0.031662269	0.060686016	0.042216359	0.071240106	0.07651715	0.055408971	0.026385224	0.044854881	0.023746702	0.029023747
Delta	AY.3	0.036211699	0.08356546	0.027855153	0.058495822	7.80E-02	0.072423398	0.025069638	0.050139276	0.027855153	0.033426184
Delta	AY.43	0.028368794	0.04964539	0.060283688	0.092198582	0.078014184	0.042553191	0.039007092	0.035460993	0.021276596	0.028368794
Delta	AY.39	0.034782609	0.095652174	0.026086957	0.069565217	0.086956522	0.086956522	0.026086957	0.060869565	0.026086957	0.017391304
Delta	AY.103	0.026052104	0.066132265	0.036072144	0.06012024	0.084168337	0.070140281	0.036072144	0.044088176	0.018036072	0.038076152
Delta	AY.100	0.051948052	0.077922078	0.019480519	0.045454545	0.045454545	0.051948052	0.045454545	0.071428571	0.019480519	0.025974026
BAA	BA.1	0.028795812	0.065445026	0.013089005	0.078534031	0.107329843	0.083769634	0.015706806	0.04973822	0.023560209	0.052356021
BAA	BA.1.17	0	0	0	0	0	0	0	0	0	0
BAA	BA.1.18	0	0	0	0	0	0	0	0	0	0
BAA	BA.1.20	0	0	0	0	0	0	0	0	0	0
BAA	BA.1.15	0.032	0.08	0	0.112	0.12	0.08	0.008	0.04	0.056	0.016
BAA	BA.1.1.18	0	0	0	0	0	0	0	0	0	0
BAA	BA.1.17.2	0.025862069	0.068965517	0.012931034	0.090517241	0.094827586	0.051724138	0.017241379	0.073275862	0.030172414	0.060344828
BAA	BA.1.1	0.042412818	0.058435438	0.006597549	0.089538172	0.082940622	0.062205467	0.011310085	0.05466541	0.031102733	0.036757776
BAA	BA.1.15.1	0	0	0	0	0	0	0	0	0	0
BAA	BA.1.1.1	0	0	0	0	0	0	0	0	0	0
BAB	BA.2.10	0	0	0	0	0	0	0	0	0	0
BAB	BA.2.3	0	0	0	0	0	0	0	0	0	0
BAB	BA.2.9	0.025	0.105	0.00E+00	0.08	0.08	0.08	0.01	0.06	0.035	0.02
BAB	BA.2	0.033528919	0.075440067	9.22E-03	0.097233864	0.113998324	0.083822297	0.021793797	0.060352054	0.050293378	0.041911148
BAB	BA.2.12.1	0.032352941	0.05	0.00E+00	0.055882353	0.147058824	0.1	0.020588235	0.047058824	0.035294118	0.044117647
BAC	BA.4	0	0	0	0	0	0	0	0	0	0
BAC	BA.4.1	0	0	0	0	0	0	0	0	0	0
BAC	BA.5	0	0	0	0	0	0	0	0	0	0
BAC	BA.5.1	0.042682927	0.067073171	0	0.030487805	0.109756098	0.073170732	0.018292683	0.195121951	0.024390244	0.073170732
BAC	BA.5.5	0	0	0	0	0	0	0	0	0	0
BAC	BE.1	0	0	0	0	0	0	0	0	0	0
BAC	BA.5.6	0	0	0	0	0	0	0	0	0	0
BAC	BA.5.2.1	0.028708134	0.086124402	0	0.052631579	0.157894737	0.071770335	0.004784689	0.138755981	0.04784689	0.019138756
BAC	BA.5.2	0.006802721	0.088435374	0.00E+00	0.034013605	0.12244898	0.06122449	0.040816327	0.115646259	0.027210884	0.06122449
BAC	BA.4.6	0	0	0	0	0	0	0	0	0	0
