Group	Mut	21F	24M	55F	58F	62F	68F	73F	75L
Others	B.1	0.038461538	0.012820513	0.025641026	0.047008547	0.053418803	0.074786325	0.076923077	0.036324786
Others	B.1.1	0.030434783	0.017391304	0.030434783	0.02173913	0.056521739	0.086956522	0.069565217	0.008695652
Others	B.1.2	0.055319149	0.017021277	0.038297872	0.021276596	0.029787234	0.093617021	0.09787234	0.008510638
Others	B.1.177	0.028688525	0.024590164	0.06147541	0.024590164	6.56E-02	0.106557377	0.102459016	0.008196721
Others	B.1.429	0	0	0	0	0	0	0	0
Others	B.1.351	0	0	0	0	0	0	0	0
Others	B.1.1.7	0.046178344	0.015127389	0.046974522	0.040605096	6.93E-02	0.078025478	0.092356688	0.003184713
Others	B.1.526	0	0	0	0	0	0	0	0
Others	P.1	0	0	0	0	0	0	0	0
Delta	AY.26	0	0	0	0	0	0	0	0
Delta	AY.5	0.059322034	0.042372881	0.025423729	0.025423729	0.076271186	0.110169492	0.042372881	0
Delta	AY.4	0.030552291	0.025264395	0.042303173	0.033490012	0.070505288	0.072855464	0.065804935	0
Delta	AY.122	0.049019608	0.024509804	0.044117647	0.06372549	0.049019608	0.06372549	0.078431373	0.004901961
Delta	AY.98	0.051282051	0.025641026	0.05982906	0.051282051	0.05982906	0.094017094	0.076923077	0
Delta	AY.44	0.026726058	0.022271715	0.046770601	0.06013363	0.066815145	0.077951002	0.073496659	0.020044543
Delta	AY.47	0	0	0	0	0	0	0	0
Delta	AY.25	0.025773196	0.020618557	0.06443299	0.036082474	0.059278351	0.046391753	0.097938144	0.023195876
Delta	AY.3	0.035616438	0.024657534	0.073972603	0.043835616	5.48E-02	0.046575342	0.065753425	0.016438356
Delta	AY.43	0.031674208	0.036199095	0.063348416	0.076923077	0.081447964	0.063348416	0.07239819	0.022624434
Delta	AY.39	0	0.018018018	0.072072072	0.027027027	0.054054054	0.063063063	0.09009009	0.027027027
Delta	AY.103	0.034026465	0.017013233	0.066162571	0.039697543	0.085066163	0.066162571	0.062381853	0.026465028
Delta	AY.100	0.043478261	0.02173913	0.057971014	0.043478261	0.079710145	0.028985507	0.094202899	0.014492754
BAA	BA.1	0.034985423	0.014577259	0.139941691	0.014577259	0.055393586	0.037900875	0.034985423	0.201166181
BAA	BA.1.17	0	0	0	0	0	0	0	0
BAA	BA.1.18	0	0	0	0	0	0	0	0
BAA	BA.1.20	0	0	0	0	0	0	0	0
BAA	BA.1.15	0.006944444	0.006944444	0.166666667	0	0.034722222	0.027777778	0.055555556	0.243055556
BAA	BA.1.1.18	0	0	0	0	0	0	0	0
BAA	BA.1.17.2	0.060773481	0.005524862	0.165745856	0.011049724	0.022099448	0.038674033	0.044198895	0.110497238
BAA	BA.1.1	0.045610034	0.010262258	0.094640821	0.015963512	0.037628278	0.044469783	0.029646522	0.193842645
BAA	BA.1.15.1	0	0	0	0	0	0	0	0
BAA	BA.1.1.1	0	0	0	0	0	0	0	0
BAB	BA.2.10	0	0	0	0	0	0	0	0
BAB	BA.2.3	0	0	0	0	0	0	0	0
BAB	BA.2.9	0.071856287	0.011976048	1.92E-01	0.005988024	0.017964072	0.047904192	0.035928144	0
BAB	BA.2	0.032051282	0.011904762	1.63E-01	0.009157509	0.056776557	0.039377289	0.041208791	0.001831502
BAB	BA.2.12.1	0.032894737	0.003289474	2.04E-01	0.009868421	0.046052632	0.036184211	0.029605263	0.003289474
BAC	BA.4	0	0	0	0	0	0	0	0
BAC	BA.4.1	0	0	0	0	0	0	0	0
BAC	BA.5	0	0	0	0	0	0	0	0
BAC	BA.5.1	0.075342466	0.006849315	0.047945205	0.02739726	0.102739726	0.054794521	0.047945205	0.006849315
BAC	BA.5.5	0	0	0	0	0	0	0	0
BAC	BE.1	0	0	0	0	0	0	0	0
BAC	BA.5.6	0	0	0	0	0	0	0	0
BAC	BA.5.2.1	0.081081081	0	0.140540541	0	0.086486486	0.048648649	0.054054054	0.005405405
BAC	BA.5.2	0.05	0.007142857	1.21E-01	0.035714286	0.064285714	0.085714286	0.042857143	0
BAC	BA.4.6	0	0	0	0	0	0	0	0
