Group	Mut	105V	115I	116F	14I	24F	28I	34L	34S	37F	38V	39I	45L	46L	47N	47Y	53E	61I	73Y	77F	78C	81L	83L	84L	84S	93F	94H	96F	99L	99S
Others	B.1	0.010385757	0.013353116	0.014094955	0.023738872	0.010385757	0.052670623	0.026706231	0.022997033	0.011127596	0.016320475	0.03189911	0.009643917	0.002967359	0.010385757	0.017804154	0	0.017062315	0.025222552	0	0.011127596	0.007418398	0.013353116	0.017062315	0.009643917	0.022255193	0.008902077	0.011127596	0.016320475	0.009643917
Others	B.1.1	0.00681431	0.011925043	0.008517888	0.023850085	0.010221465	0.042589438	0.028960818	0.023850085	0.017035775	0.015332198	0.025553663	0.010221465	0.00E+00	0.003407155	0.02044293	0	0.008517888	0.018739353	0	0.01362862	0.005110733	0.02725724	0.015332198	0.011925043	0.00681431	0.011925043	0.015332198	0.017035775	0.017035775
Others	B.1.2	0.00622084	0.01399689	0.0155521	0.038880249	0.01244168	0.052877138	0.027993779	0.029548989	0.00933126	0.01244168	0.041990669	0.01244168	0	0.00933126	0.01399689	0	0.00622084	0.0155521	0	0.00777605	0.00311042	0.01088647	0.01088647	0.01088647	0.01088647	0.01399689	0.018662519	0.01244168	0.01399689
Others	B.1.177	0.014727541	0.013254786	0.010309278	0.030927835	1.33E-02	0.04712813	0.025036819	0.032400589	0.008836524	0.017673049	0.019145803	0.014727541	0	0.013254786	0.033873343	0	0.010309278	0.017673049	0	0.013254786	0.005891016	0.020618557	0.017673049	0.017673049	0.020618557	0.008836524	1.33E-02	0.016200295	0.00736377
Others	B.1.429	0.008368201	0.020920502	0.029288703	0.020920502	0.0041841	0.037656904	0.029288703	0.033472803	0.012552301	0.020920502	0.033472803	0.012552301	0.0041841	0.008368201	0.008368201	0	0.016736402	0.025104603	0	0.012552301	0.016736402	0.0041841	0.016736402	0.016736402	0.025104603	0	0.020920502	0.012552301	0.012552301
Others	B.1.351	0	0	0	0	0	0	0	0	0	0	0	0	0	0	0	0	0	0	0	0	0	0	0	0	0	0	0	0	0
Others	B.1.1.7	0.006915339	0.014668902	0.016345348	0.025565801	1.17E-02	0.033319363	0.030595138	0.033319363	0.008591785	0.020326907	0.021793797	0.013830679	0.001676446	8.59E-03	2.03E-02	0.000209556	0.014878458	0.019279128	0	0.018440905	0.013202012	0.022841576	0.025565801	0.023679799	0.018860017	0.006077117	0.012573345	0.019069573	0.015297569
Others	B.1.526	0.010169492	0.010169492	0.020338983	0.023728814	0.003389831	0.030508475	0.027118644	0.013559322	0.013559322	0.020338983	0.027118644	0.010169492	0	0.010169492	0.006779661	0	0.020338983	0.016949153	0	0.023728814	0.003389831	0.006779661	0.023728814	0.020338983	0.020338983	0.010169492	0.020338983	0.030508475	0.023728814
Others	P.1	0.009661836	0.014492754	0	0.033816425	0.033816425	0.062801932	0.028985507	0.028985507	0.004830918	0.004830918	0.033816425	0.009661836	0	0.009661836	0.014492754	0	0.014492754	0.028985507	0	0.014492754	0.004830918	0.014492754	0.009661836	0.014492754	0.028985507	0.009661836	0.014492754	0.028985507	0.009661836
Delta	AY.26	0.01384083	0	0.01384083	0.024221453	0.01384083	0.031141869	0.01384083	0.017301038	0.010380623	0.027681661	0.044982699	0.017301038	0	0	0.017301038	0	0.01384083	0.003460208	0.031141869	0	0.010380623	0.010380623	0.020761246	0.020761246	0.003460208	0.006920415	0.006920415	0.006920415	0.006920415
Delta	AY.5	0.005405405	0.016216216	0.008108108	0.027027027	0.024324324	0.032432432	0.02972973	0.024324324	0.002702703	0.027027027	0.008108108	0.013513514	0.005405405	0.002702703	0.016216216	0	0.021621622	0.013513514	0	0.016216216	0.005405405	0.016216216	0.021621622	0.032432432	0.021621622	0.008108108	0.002702703	0.018918919	0.010810811
Delta	AY.4	0.010118306	0.007627646	0.009806974	0.02117061	0.014009963	0.041874222	0.023349938	0.02366127	0.009339975	0.021481943	0.016500623	0.01494396	0.002334994	0.00249066	1.62E-02	0.000155666	1.14E-02	0.016656289	0.000933998	0.016967621	0.01120797	0.010896638	0.010273973	0.022260274	0.007783313	0.005136986	5.76E-03	0.011830635	0.007938979
Delta	AY.122	0.002237136	0.003355705	0.005592841	0.016778523	0.006711409	0.036912752	0.014541387	0.016778523	0.010067114	0.015659955	0.01901566	0.053691275	0.001118568	0.001118568	0.013422819	0.022371365	0.012304251	0.011185682	0.005592841	0.006711409	0.014541387	0.016778523	0.014541387	0.013422819	0.006711409	0.005592841	0.005592841	0.010067114	0.006711409
Delta	AY.98	0.00477327	0.002386635	0.014319809	0.021479714	0.009546539	0.035799523	0.014319809	0.028639618	0.011933174	0.019093079	0.028639618	0.00477327	0.007159905	0.00477327	0.028639618	0	0.002386635	0.023866348	0	0.019093079	0.016706444	0.011933174	0.011933174	0.026252983	0.014319809	0.00477327	0.00477327	0.014319809	0.009546539
Delta	AY.44	0.010309278	0.006300115	0.012600229	0.018327606	0.017182131	0.041809851	0.021764032	0.020618557	0.008591065	0.017182131	0.020618557	0.016609393	0.001718213	0.002863688	0.017754868	0	0.008591065	1.09E-02	0.003436426	0.017754868	0.01489118	0.014318442	0.011454754	0.018327606	0.004581901	0.008018328	0.003436426	0.011454754	0.009736541
Delta	AY.47	0.010830325	0.003610108	0.014440433	0.02166065	0.010830325	0.039711191	0.018050542	0.007220217	0.007220217	0.02166065	0.025270758	0.007220217	0.003610108	0.003610108	0.014440433	0	0.014440433	0.036101083	0	0.02166065	0.007220217	0.014440433	0.007220217	0.014440433	0	0	0.007220217	0.018050542	0.010830325
Delta	AY.25	0.01038961	0.005844156	0.013636364	0.018831169	0.012337662	0.028571429	0.00974026	0.011688312	0.000649351	0.003896104	0.001948052	0.022727273	0.001948052	0.000649351	0.020779221	0	0.016883117	0.016883117	0.000649351	0.024675325	0.007792208	0.013636364	0.016233766	0.022727273	0.001948052	0.00974026	0.004545455	0.012337662	0.014935065
Delta	AY.3	0.005843682	0.007304602	0.010226443	0.020452885	1.31E-02	0.042366691	0.020452885	0.021913806	0.009495982	0.015339664	0.025566107	0.013878744	0.002191381	0.00146092	1.39E-02	0.00073046	0.009495982	0.018991965	0.00073046	0.020452885	0.011687363	0.010956903	0.005113221	0.016070124	0.010226443	0.010956903	0.00146092	0.016070124	0.012417823
Delta	AY.43	0.009661836	0.006763285	0.009661836	0.026086957	0.014492754	0.036714976	0.020289855	0.022222222	0.010628019	0.024154589	0.020289855	0.015458937	0.001932367	0.001932367	1.93E-02	0	0.018357488	0.016425121	0.000966184	0.020289855	0.007729469	0.010628019	0.016425121	0.023188406	7.73E-03	0.008695652	0.005797101	0.012560386	0.011594203
Delta	AY.39	0.006237006	0.022869023	0.014553015	0.016632017	0.006237006	0.043659044	0.018711019	0.014553015	0.01039501	0.020790021	0.016632017	0.008316008	0.002079002	0	0.018711019	0.002079002	0.012474012	0.016632017	0	0.012474012	0.008316008	0.014553015	0.024948025	0.014553015	0.006237006	0.006237006	0.006237006	0.016632017	0.012474012
Delta	AY.103	0.01028518	0.011220196	0.008882655	0.021505376	0.01542777	0.039270687	0.021037868	0.021037868	0.016362786	0.011220196	0.021037868	0.021037868	0.000935016	0	2.38E-02	0.000935016	0.009817672	1.68E-02	0.001402525	0.02057036	0.009817672	0.017765311	0.011687705	0.022907901	0.008882655	0.005610098	5.14E-03	0.014492754	0.010752688
Delta	AY.100	0.009884679	0.013179572	0.006589786	0.026359143	0.008237232	0.062602965	0.02800659	0.011532125	0.009884679	0.008237232	0.014827018	0.016474465	0.004942339	0.001647446	0.016474465	0	0.013179572	1.81E-02	0	0.024711697	0.019769357	0.018121911	0.016474465	0.02800659	0.008237232	0.003294893	0.006589786	0.016474465	0.008237232
BAA	BA.1	0.006554989	0.006554989	0.014566642	0.020393299	0.004369993	0.027676621	0.021849964	0.025491624	0.008739985	0.010924982	0.018208303	0.012381646	0.002913328	2.33E-02	3.35E-02	0.000728332	8.74E-03	0.026219956	0.000728332	0.014566642	1.38E-02	0.008739985	0.019664967	0.010924982	8.01E-03	0.016751639	0.020393299	0.022578296	0.014566642
BAA	BA.1.17	0.028368794	0.007092199	0.007092199	0.028368794	0.007092199	0.042553191	0.014184397	0.035460993	0.021276596	0.014184397	0.035460993	0.035460993	0	0.035460993	0.035460993	0	0.007092199	0.014184397	0	0.007092199	0.007092199	0.021276596	0	0.021276596	0.007092199	0.007092199	0	0.014184397	0.014184397
BAA	BA.1.18	0.012345679	0.00617284	0	0.037037037	0.00617284	0.049382716	0.030864198	0.018518519	0.00617284	0.024691358	0.018518519	0.012345679	0	0.018518519	0.024691358	0	0.00617284	0.00617284	0	0.012345679	0.012345679	0.018518519	0.00617284	0	0.00617284	0.030864198	0.049382716	0.018518519	0.024691358
BAA	BA.1.20	0.019607843	0.019607843	0.029411765	0.029411765	0.009803922	0.019607843	0.009803922	0.029411765	0.019607843	0	0.009803922	0.029411765	0.009803922	0.019607843	0.039215686	0	0.029411765	0.039215686	0	0	0	0.019607843	0.009803922	0.029411765	0	0.058823529	0.049019608	0.019607843	0.009803922
BAA	BA.1.15	0.00422833	0.010570825	0.014799154	0.025369979	0	0.016913319	0.040169133	0.025369979	0.00845666	0.00845666	0.025369979	0.019027484	0.002114165	1.27E-02	2.33E-02	0	0.012684989	0.016913319	0	0.021141649	1.27E-02	0.00845666	0.00845666	0.019027484	8.46E-03	0.016913319	0.006342495	0.031712474	0.010570825
BAA	BA.1.1.18	0.008510638	0.012765957	0.012765957	0.021276596	0.012765957	0.025531915	0.021276596	0.021276596	0.004255319	0.012765957	0.029787234	0.004255319	0	0.012765957	0.034042553	0	0.012765957	0.029787234	0	0.012765957	0.012765957	0.017021277	0.012765957	0	0	0.012765957	0.004255319	0.008510638	0.029787234
BAA	BA.1.17.2	0.021337127	0.011379801	0.008534851	0.019914651	0.001422475	0.046941679	0.019914651	0.017069701	0.0056899	0.007112376	0.019914651	1.99E-02	0.004267425	2.42E-02	0.019914651	0	0.007112376	0.015647226	0	0.021337127	7.11E-03	0.014224751	0.015647226	0.019914651	0.007112376	0.022759602	0.018492176	0.017069701	0.011379801
BAA	BA.1.1	0.008311072	0.009795191	0.016622143	0.019590383	0.003858712	0.027307806	0.022855447	0.018106263	0.007717424	0.007123776	0.019590383	0.014841199	0.000890472	0.019887207	2.29E-02	0.000593648	1.10E-02	0.018403087	0.000296824	0.015434847	7.12E-03	0.018996735	0.013653903	0.018996735	7.12E-03	0.013653903	0.014841199	0.018996735	0.012466607
BAA	BA.1.15.1	0.010638298	0.015957447	0.015957447	0.021276596	0.005319149	0.026595745	0.010638298	0.026595745	0.005319149	0.015957447	0.015957447	0.005319149	0.021276596	0.021276596	0.026595745	0	0.015957447	0.015957447	0	0.010638298	0.021276596	0.015957447	0.015957447	0.021276596	0.010638298	0.010638298	0.010638298	0.015957447	0.015957447
BAA	BA.1.1.1	0.007751938	0	0	0.023255814	0	0.023255814	0.03875969	0.007751938	0	0	0.062015504	0.031007752	0	0.007751938	0.015503876	0	0	0.007751938	0	0	0.007751938	0.023255814	0.015503876	0.007751938	0.031007752	0.046511628	0.015503876	0.031007752	0.015503876
BAB	BA.2.10	0.013513514	0.006756757	0.02027027	0.027027027	0	0.054054054	0.047297297	0.02027027	0.02027027	0.013513514	0.040540541	0.02027027	0.006756757	0	0.006756757	0	0.006756757	0.006756757	0	0.027027027	0.081081081	0.006756757	0.033783784	0	0	0.013513514	0.02027027	0.006756757	0.013513514
BAB	BA.2.3	0.009677419	0.025806452	0.006451613	0.025806452	0.003225806	0.038709677	0.019354839	0.035483871	0.003225806	0.009677419	0.019354839	0.035483871	0.003225806	0.022580645	0.006451613	0	0.006451613	0.022580645	0.003225806	0.009677419	0.009677419	0.003225806	0.032258065	0.032258065	0	0.012903226	0.016129032	0.016129032	0.003225806
BAB	BA.2.9	0.008053691	0.008053691	1.21E-02	0.017449664	0.002684564	0.041610738	0.02147651	0.024161074	0.004026846	0.006711409	0.014765101	9.40E-03	0.001342282	0.014765101	0.022818792	0.001342282	0.005369128	0.013422819	0.001342282	0.009395973	0.012080537	0.016107383	0.026845638	0.006711409	1.21E-02	0.004026846	0.008053691	0.016107383	0.010738255
BAB	BA.2	0.005622837	0.009299308	1.32E-02	0.019463668	0.006271626	0.054714533	0.028114187	0.025086505	0.007136678	0.009731834	0.024653979	1.30E-02	0.002811419	0.019679931	2.29E-02	0.000865052	1.08E-02	1.88E-02	0.000648789	0.012110727	0.011678201	0.022058824	0.025951557	0.019463668	4.11E-03	0.011461938	0.015138408	0.014057093	0.007785467
BAB	BA.2.12.1	0.00853971	0.015371477	1.54E-02	0.024765158	0.006831768	0.048676345	0.030742955	0.023057216	0.009393681	0.011101623	0.032450897	0.015371477	0.002561913	0.019641332	2.13E-02	0	1.28E-02	2.31E-02	0	0.016225448	0.005123826	0.014517506	0.012809564	0.016225448	5.98E-03	0.005977797	0.018787361	0.014517506	0.001707942
BAC	BA.4	0.017021277	0.004255319	0.008510638	0.021276596	0	0.055319149	0.072340426	0.021276596	0.008510638	0	0.042553191	0.008510638	0.008510638	0.025531915	0.025531915	0	0.008510638	0.012765957	0	0.012765957	0.004255319	0.012765957	0.012765957	0.021276596	0.012765957	0.008510638	0.017021277	0.008510638	0.008510638
BAC	BA.4.1	0.01048951	0.01048951	0.024475524	0.013986014	0.003496503	0.066433566	0.024475524	0.01048951	0.013986014	0.006993007	0.020979021	0.017482517	0.003496503	0.006993007	0.020979021	0	0.013986014	0.01048951	0.003496503	0.013986014	0.01048951	0.013986014	0.01048951	0.013986014	0.003496503	0.003496503	0.013986014	0.017482517	0.006993007
BAC	BA.5	0.014925373	0.029850746	0	0.014925373	0.007462687	0.052238806	0.044776119	0.044776119	0.007462687	0	0.014925373	0.007462687	0.007462687	0.052238806	0.02238806	0	0.007462687	0.02238806	0	0	0.007462687	0.007462687	0.02238806	0	0	0.02238806	0.029850746	0.007462687	0.014925373
BAC	BA.5.1	0.009269988	0.002317497	0.011587486	0.013904983	0.006952491	0.038238702	0.030127462	0.022016222	0.001158749	0.01622248	0.015063731	0.006952491	0.003476246	0.026651217	0.01622248	0.001158749	6.95E-03	2.32E-02	0.001158749	0.017381228	1.04E-02	0.012746234	0.011587486	0.010428737	0.013904983	0.010428737	1.27E-02	0.025492468	0.01622248
BAC	BA.5.5	0.005882353	0.002941176	0.005882353	0.017647059	0.002941176	0.058823529	0.035294118	0.026470588	0.005882353	0.017647059	0.023529412	0.005882353	0.005882353	0.032352941	0.020588235	0	0.023529412	0.029411765	0	0.020588235	0.008823529	0.014705882	0.029411765	0.002941176	0.005882353	0.002941176	0.020588235	0.035294118	0.011764706
BAC	BE.1	0.005405405	0.021621622	0.010810811	0.027027027	0.010810811	0.027027027	0.010810811	0.032432432	0.021621622	0.016216216	0.048648649	0.016216216	0	0.016216216	0.010810811	0	0.021621622	0.016216216	0	0	0.021621622	0.016216216	0.016216216	0.016216216	0.021621622	0.016216216	0.016216216	0.010810811	0.010810811
BAC	BA.5.6	0.011904762	0.011904762	0.017857143	0.029761905	0	0.083333333	0.011904762	0.023809524	0.011904762	0.005952381	0.035714286	0.005952381	0	0.005952381	0.017857143	0	0.017857143	0.029761905	0	0.023809524	0	0.017857143	0.017857143	0.017857143	0.005952381	0.005952381	0.005952381	0.023809524	0.011904762
BAC	BA.5.2.1	0.01750547	0.003282276	0.013129103	0.029540481	0.00547046	0.041575492	0.026258206	0.024070022	0.004376368	0.003282276	0.02297593	0.015317287	0.001094092	0.018599562	0.025164114	0	0.008752735	0.026258206	0.002188184	0.012035011	0.007658643	0.018599562	0.009846827	0.012035011	1.75E-02	0.009846827	0.016411379	0.018599562	0.013129103
BAC	BA.5.2	0.010043042	0.012912482	1.15E-02	0.024390244	0.005738881	0.048780488	0.022955524	0.017216643	0.005738881	0.022955524	0.027259684	1.87E-02	0.00143472	0.025824964	1.29E-02	0	0.008608321	2.30E-02	0	0.010043042	0.008608321	0.012912482	0.021520803	0.012912482	0.010043042	0.008608321	0.020086083	0.027259684	0.012912482
BAC	BA.4.6	0.013468013	0.006734007	0.013468013	0.026936027	0.006734007	0.050505051	0.026936027	0.026936027	0.01010101	0.013468013	0.016835017	0.026936027	0	0.013468013	0.013468013	0	0.006734007	0.023569024	0.003367003	0.037037037	0.006734007	0.016835017	0.04040404	0.016835017	0.01010101	0.013468013	0.016835017	0.013468013	0.003367003
