Group	Mut	10I	10N	12T	13D	19K	1I	20S	21I	27L	33T	35F	3Y	41F	45I	49H	53Y	55D	57L	58L	5F	5I	61Y	6G
Others	B.1	0.033163265	0	0.00255102	0.033163265	0	0.017857143	0.038265306	0.058673469	0.058673469	0.012755102	0	0.040816327	0.028061224	0.007653061	0.005102041	0.015306122	0.017857143	0.051020408	0	0.020408163	0.010204082	0.035714286	0
Others	B.1.1	0	0	0	0.010416667	0	0.03125	0.026041667	0.046875	0.046875	0.020833333	0.010416667	0.010416667	2.60E-02	0	0.026041667	0.026041667	0.036458333	0.026041667	0.010416667	0.046875	0.005208333	0.036458333	0
Others	B.1.2	0.010416667	0	0.005208333	0.03125	0	0.020833333	0.026041667	0.036458333	0.0625	0.020833333	0	0.026041667	0.020833333	0.015625	0.015625	0.015625	0.026041667	0.067708333	0	0.015625	0.015625	0.067708333	0
Others	B.1.177	0.005376344	0	0.010752688	0.021505376	0.00E+00	0.032258065	0.02688172	0.043010753	0.107526882	0.021505376	0.005376344	0.02688172	0.010752688	0.005376344	0.010752688	0.016129032	0.016129032	0.043010753	0	0.032258065	0.010752688	0.032258065	0.005376344
Others	B.1.429	0	0	0	0	0	0	0	0	0	0	0	0	0	0	0	0	0	0	0	0	0	0	0
Others	B.1.351	0	0	0	0	0	0	0	0	0	0	0	0	0	0	0	0	0	0	0	0	0	0	0
Others	B.1.1.7	0.017367459	0.003656307	0.001828154	0.019195612	0.00E+00	0.02559415	0.047531993	0.068555759	0.067641682	0.013711152	0.00274223	0.029250457	2.38E-02	1.28E-02	1.46E-02	0.018281536	0.013711152	0.042047532	0.003656307	0.018281536	0.006398537	0.035648995	0.00274223
Others	B.1.526	0	0	0	0	0	0	0	0	0	0	0	0	0	0	0	0	0	0	0	0	0	0	0
Others	P.1	0	0	0	0	0	0	0	0	0	0	0	0	0	0	0	0	0	0	0	0	0	0	0
Delta	AY.26	0	0	0	0	0	0	0	0	0	0	0	0	0	0	0	0	0	0	0	0	0	0	0
Delta	AY.5	0	0.041322314	0.008264463	0.008264463	0	0.041322314	0.016528926	0.041322314	0.082644628	0.008264463	0	0.016528926	0.008264463	0	0	0.041322314	0.008264463	0.05785124	0.090909091	0.024793388	0	0.016528926	0
Delta	AY.4	0.008458647	0.019266917	0.002349624	0.01268797	0	0.021616541	0.033364662	0.033364662	0.04887218	0.01268797	0.003759398	0.01174812	1.79E-02	0.005169173	1.69E-02	0.023026316	2.77E-02	0.044642857	0.168703008	0.011278195	0.006109023	0.021146617	0.003759398
Delta	AY.122	0.004016064	0.144578313	0	0.016064257	0	0.02811245	0.040160643	0.040160643	0.052208835	0.004016064	0	0.004016064	0.024096386	0.008032129	0.016064257	0.012048193	0.012048193	0.052208835	0.012048193	0.008032129	0	0.024096386	0
Delta	AY.98	0	0	0	0	0	0	0	0	0	0	0	0	0	0	0	0	0	0	0	0	0	0	0
Delta	AY.44	0	0	0.002057613	0.022633745	0	0.037037037	0.03909465	0.053497942	0.055555556	0.020576132	0.002057613	0.020576132	0.024691358	0	0.022633745	0.020576132	0.018518519	6.58E-02	0	0.002057613	0.010288066	0.016460905	0.002057613
Delta	AY.47	0	0	0	0	0	0	0	0	0	0	0	0	0	0	0	0	0	0	0	0	0	0	0
Delta	AY.25	0.00678733	0	0	0.022624434	0.002262443	0.027149321	0.036199095	0.049773756	0.063348416	0.011312217	0.004524887	0.00678733	0.009049774	0.002262443	0.029411765	0.015837104	0.00678733	0.042986425	0.002262443	0.015837104	0.004524887	0.027149321	0.00678733
Delta	AY.3	0.014749263	0.002949853	0	0.014749263	0.00E+00	0.02359882	0.032448378	0.061946903	0.053097345	0.020648968	0	0.020648968	0.017699115	0	2.06E-02	0.017699115	0.020648968	0.067846608	0	0.014749263	0.002949853	0.026548673	0.005899705
Delta	AY.43	0.010273973	0.133561644	0.003424658	0.003424658	0	0.02739726	0.030821918	0.047945205	0.061643836	0.020547945	0.003424658	0.020547945	0.02739726	0	3.42E-03	0.030821918	0.017123288	0.054794521	0.023972603	0.003424658	0.003424658	0.017123288	0.003424658
Delta	AY.39	0	0.009803922	0	0.009803922	0	0.029411765	0.039215686	0.049019608	0.039215686	0.009803922	0	0.019607843	0.029411765	0	0.019607843	0.009803922	0.039215686	0.039215686	0	0	0	0.009803922	0
Delta	AY.103	0.015410959	0.005136986	0.005136986	0.011986301	0	0.017123288	0.030821918	0.061643836	0.056506849	0.022260274	0.001712329	0.023972603	0.044520548	0	1.37E-02	0.011986301	0.02739726	5.14E-02	0	0.011986301	0	0.025684932	0.003424658
Delta	AY.100	0.012987013	0.006493506	0.006493506	0.006493506	0	0.025974026	0.051948052	0.019480519	0.051948052	0.012987013	0	0.012987013	0.019480519	0	0.032467532	0.025974026	0.038961039	8.44E-02	0	0.006493506	0.006493506	0.012987013	0
BAA	BA.1	0.006711409	0.11409396	0.011185682	0.004474273	0.017897092	0.008948546	0.011185682	0.051454139	0.015659955	0.020134228	0.020134228	0.011185682	0.022371365	6.71E-03	2.46E-02	0	0.00E+00	0.029082774	0.044742729	0.004474273	4.47E-03	0.024608501	0
BAA	BA.1.17	0	0	0	0	0	0	0	0	0	0	0	0	0	0	0	0	0	0	0	0	0	0	0
BAA	BA.1.18	0	0	0	0	0	0	0	0	0	0	0	0	0	0	0	0	0	0	0	0	0	0	0
BAA	BA.1.20	0	0	0	0	0	0	0	0	0	0	0	0	0	0	0	0	0	0	0	0	0	0	0
BAA	BA.1.15	0.015503876	0.046511628	0.015503876	0.023255814	0.023255814	0.015503876	0.015503876	0.062015504	0.015503876	0.031007752	0.031007752	0.023255814	0.015503876	0.00E+00	7.75E-03	0	0	0.031007752	0.015503876	0	7.75E-03	0.023255814	0
BAA	BA.1.1.18	0	0	0	0	0	0	0	0	0	0	0	0	0	0	0	0	0	0	0	0	0	0	0
BAA	BA.1.17.2	0.013636364	0.036363636	0.009090909	0	0.059090909	0.013636364	0.018181818	0.018181818	0.018181818	0.009090909	0.013636364	1.82E-02	0.013636364	4.55E-03	0.013636364	0.013636364	0.004545455	0.040909091	0.054545455	0.013636364	9.09E-03	0.018181818	0
BAA	BA.1.1	0.014285714	0.069387755	0.009183673	0.005102041	0.015306122	0.013265306	0.024489796	0.052040816	0.039795918	0.014285714	0.017346939	0.008163265	0.02244898	0.005102041	1.84E-02	0.009183673	8.16E-03	0.032653061	0.031632653	0.010204082	3.06E-03	0.017346939	0.004081633
BAA	BA.1.15.1	0	0	0	0	0	0	0	0	0	0	0	0	0	0	0	0	0	0	0	0	0	0	0
BAA	BA.1.1.1	0	0	0	0	0	0	0	0	0	0	0	0	0	0	0	0	0	0	0	0	0	0	0
BAB	BA.2.10	0	0	0	0	0	0	0	0	0	0	0	0	0	0	0	0	0	0	0	0	0	0	0
BAB	BA.2.3	0.038461538	0	0.009615385	0.009615385	0.067307692	0.038461538	0.019230769	0	0.028846154	0	0.009615385	0.048076923	0.028846154	0.019230769	0	0.009615385	0.019230769	0.134615385	0.038461538	0	0.009615385	0.019230769	0.009615385
BAB	BA.2.9	0.013953488	0.013953488	4.65E-03	0.004651163	0.027906977	0.004651163	0.023255814	0.037209302	0.041860465	0	0.013953488	9.30E-03	0.065116279	0.037209302	0.023255814	0.004651163	0.013953488	0.074418605	0.009302326	0.018604651	0	0.037209302	0
BAB	BA.2	0.008530184	0.011811024	1.38E-02	0.005905512	0.019685039	0.023622047	0.019028871	0.033464567	0.029527559	0.015748031	0.020341207	1.44E-02	0.042650919	0.005249344	1.57E-02	0.005905512	2.36E-02	9.32E-02	0.041338583	0.00984252	0.008530184	0.036745407	0
BAB	BA.2.12.1	0.014577259	0.002915452	1.75E-02	0.008746356	0.014577259	0.029154519	0.014577259	0.017492711	0.014577259	0.023323615	0.017492711	0.008746356	0.049562682	0.011661808	1.46E-02	0.005830904	3.50E-02	1.11E-01	0.014577259	0.002915452	0.002915452	0.034985423	0.005830904
BAC	BA.4	0	0	0	0	0	0	0	0	0	0	0	0	0	0	0	0	0	0	0	0	0	0	0
BAC	BA.4.1	0	0	0	0	0	0	0	0	0	0	0	0	0	0	0	0	0	0	0	0	0	0	0
BAC	BA.5	0	0	0	0	0	0	0	0	0	0	0	0	0	0	0	0	0	0	0	0	0	0	0
BAC	BA.5.1	0.007407407	0	0.037037037	0.003703704	0	0.003703704	0.025925926	0.044444444	0.02962963	0.011111111	0.007407407	0.007407407	0.033333333	0.007407407	0.018518519	0.007407407	7.41E-03	7.41E-02	0.051851852	0.025925926	1.30E-01	0.011111111	0.040740741
BAC	BA.5.5	0	0	0	0	0	0	0	0	0	0	0	0	0	0	0	0	0	0	0	0	0	0	0
BAC	BE.1	0	0	0	0	0	0	0	0	0	0	0	0	0	0	0	0	0	0	0	0	0	0	0
BAC	BA.5.6	0	0	0	0	0	0	0	0	0	0	0	0	0	0	0	0	0	0	0	0	0	0	0
BAC	BA.5.2.1	0.009174312	0	0.050458716	0.018348624	0	0.013761468	0.013761468	0.041284404	0.050458716	0.018348624	0	0.009174312	0.041284404	0	0.027522936	0	0	0.059633028	0.027522936	0.041284404	0.055045872	0.013761468	0.013761468
BAC	BA.5.2	0.00617284	0.00617284	2.47E-02	0.018518519	0	0.018518519	0.024691358	0.037037037	0.043209877	0.049382716	0	1.23E-02	0.092592593	0.00617284	2.47E-02	0.00617284	0.012345679	4.32E-02	0.024691358	0.00617284	0.037037037	0.024691358	0
BAC	BA.4.6	0	0	0	0	0	0	0	0	0	0	0	0	0	0	0	0	0	0	0	0	0	0	0
