Group	Mut	15S	20F	23V	25F	31L	32F	34M	41F	42Y	43P	43V	4F	4P	5L
Others	B.1	0.057057057	0.009009009	0	0.009009009	0.069069069	0.06006006	0	0.048048048	0.072072072	0	0.033033033	0.027027027	0	0.048048048
Others	B.1.1	0.034482759	0.022988506	0.005747126	0.063218391	0.057471264	0.051724138	0.005747126	0.08045977	0.074712644	0	0.022988506	0.034482759	0.00E+00	0.028735632
Others	B.1.2	0.063218391	0.022988506	0.005747126	0.022988506	0.08045977	0.074712644	0.005747126	0.028735632	0.109195402	0	0.045977011	0.011494253	0.005747126	0.034482759
Others	B.1.177	0.033333333	0.006666667	0	0.04	8.00E-02	0.066666667	0	0.053333333	0.106666667	0	0.046666667	0.06	0	0.06
Others	B.1.429	0	0	0	0	0	0	0	0	0	0	0	0	0	0
Others	B.1.351	0	0	0	0	0	0	0	0	0	0	0	0	0	0
Others	B.1.1.7	0.052521008	0.010504202	0.003151261	0.014705882	7.04E-02	0.12394958	0.006302521	0.029411765	0.075630252	0.004201681	0.045168067	0.047268908	0.00210084	3.89E-02
Others	B.1.526	0	0	0	0	0	0	0	0	0	0	0	0	0	0
Others	P.1	0	0	0	0	0	0	0	0	0	0	0	0	0	0
Delta	AY.26	0	0	0	0	0	0	0	0	0	0	0	0	0	0
Delta	AY.5	0	0	0	0	0	0	0	0	0	0	0	0	0	0
Delta	AY.4	0.063224447	0.017913593	0.001053741	0.016859852	0.054794521	0.092729189	0	0.045310854	0.071654373	0.002107482	0.025289779	0.015806112	0.002107482	0.09483667
Delta	AY.122	0.078431373	0.009803922	0	0	0.039215686	0.058823529	0	0.058823529	0.088235294	0	0.029411765	0.029411765	0	0.068627451
Delta	AY.98	0	0	0	0	0	0	0	0	0	0	0	0	0	0
Delta	AY.44	0.050179211	0.014336918	0.003584229	0.017921147	0.053763441	0.114695341	0	0.05734767	0.05734767	0.003584229	0.017921147	0.017921147	0.003584229	0.068100358
Delta	AY.47	0	0	0	0	0	0	0	0	0	0	0	0	0	0
Delta	AY.25	0.064935065	0.008658009	0.004329004	0.03030303	0.03030303	0.095238095	0	0.034632035	0.0995671	0.017316017	0.008658009	0.012987013	0.004329004	0.064935065
Delta	AY.3	0.033492823	0	0	0.028708134	8.13E-02	0.090909091	0.004784689	0.038277512	0.076555024	0	0.033492823	0.038277512	0	0.043062201
Delta	AY.43	0.103896104	0.025974026	0	0.006493506	0.084415584	0.090909091	0.012987013	0.032467532	0.084415584	0	0.019480519	0.012987013	0	0.084415584
Delta	AY.39	0	0	0	0	0	0	0	0	0	0	0	0	0	0
Delta	AY.103	0.06969697	0.006060606	0	0.024242424	0.06969697	0.084848485	0	0.048484848	0.042424242	0.006060606	0.057575758	0.027272727	0.009090909	0.081818182
Delta	AY.100	0.035714286	0.035714286	0	0.026785714	0.035714286	0.080357143	0.017857143	0.026785714	0.0625	0.0625	0.026785714	0.026785714	0	0.053571429
BAA	BA.1	0.061946903	0.014749263	0	0.01179941	0.032448378	0.04719764	0.041297935	0.029498525	0.076696165	0	0.050147493	0.032448378	0	5.90E-03
BAA	BA.1.17	0	0	0	0	0	0	0	0	0	0	0	0	0	0
BAA	BA.1.18	0	0	0	0	0	0	0	0	0	0	0	0	0	0
BAA	BA.1.20	0	0	0	0	0	0	0	0	0	0	0	0	0	0
BAA	BA.1.15	0.045112782	0.015037594	0	0.015037594	0.037593985	0.067669173	0.015037594	0.007518797	0.07518797	0.007518797	0.030075188	0.045112782	0	1.50E-02
BAA	BA.1.1.18	0	0	0	0	0	0	0	0	0	0	0	0	0	0
BAA	BA.1.17.2	0.074074074	0.00617284	0	0.024691358	0.055555556	0.055555556	0.018518519	0.00617284	0.037037037	0	0.043209877	4.94E-02	0.074074074	2.47E-02
BAA	BA.1.1	0.059737157	0.009557945	0.011947431	0.021505376	0.052568698	0.08004779	0.021505376	0.015531661	0.059737157	0.004778973	0.069295102	0.039426523	0.003584229	0.01911589
BAA	BA.1.15.1	0	0	0	0	0	0	0	0	0	0	0	0	0	0
BAA	BA.1.1.1	0	0	0	0	0	0	0	0	0	0	0	0	0	0
BAB	BA.2.10	0	0	0	0	0	0	0	0	0	0	0	0	0	0
BAB	BA.2.3	0	0	0	0	0	0	0	0	0	0	0	0	0	0
BAB	BA.2.9	0.096774194	0.013824885	0.00E+00	0.00921659	0.02764977	0.059907834	0.087557604	0.023041475	0.055299539	0	0.059907834	5.99E-02	0	0.01843318
BAB	BA.2	0.066424022	0.004549591	3.64E-03	0.01455869	0.061874431	0.059144677	0.070973612	0.021838035	0.05277525	0.003639672	0.041856233	4.46E-02	0.001819836	0.024567789
BAB	BA.2.12.1	0.085106383	0.003546099	0.00E+00	0.035460993	0.04964539	0.056737589	0.021276596	0.035460993	0.04964539	0.010638298	0.056737589	0.042553191	0.003546099	0.031914894
BAC	BA.4	0	0	0	0	0	0	0	0	0	0	0	0	0	0
BAC	BA.4.1	0	0	0	0	0	0	0	0	0	0	0	0	0	0
BAC	BA.5	0	0	0	0	0	0	0	0	0	0	0	0	0	0
BAC	BA.5.1	0.076923077	0.009049774	0.063348416	0.018099548	0.040723982	0.067873303	0.194570136	0.004524887	0.054298643	0	0.049773756	0.040723982	0	0.018099548
BAC	BA.5.5	0	0	0	0	0	0	0	0	0	0	0	0	0	0
BAC	BE.1	0	0	0	0	0	0	0	0	0	0	0	0	0	0
BAC	BA.5.6	0	0	0	0	0	0	0	0	0	0	0	0	0	0
BAC	BA.5.2.1	0.065326633	0.010050251	0.005025126	0.025125628	0.050251256	0.055276382	0.100502513	0.010050251	0.060301508	0	0.015075377	0.110552764	0.005025126	0.025125628
BAC	BA.5.2	0.083333333	0	5.95E-03	0.017857143	0.06547619	0.083333333	0.18452381	0.005952381	0.107142857	0	0	5.36E-02	0	0.017857143
BAC	BA.4.6	0	0	0	0	0	0	0	0	0	0	0	0	0	0
