Group	Mut	102F	106D	109V	10T	116L	118V	11K	120L	120V	121L	14T	17Y	26I	32L	36L	36S	38L	38S	39T	4R	51V	54L	55V	62L	65G	65S	65T	65V	67F	68E	69L	72H	85S	87I
Others	B.1	0.009907997	0	0	0.005661713	0	0.009907997	0.00353857	0.016985138	0.009200283	0.057324841	0.002830856	0.008492569	0.014861996	0.012031139	0.016985138	0.011323425	0.011323425	0.014861996	0.011323425	0	0.025477707	0.016985138	0.010615711	0.039631989	0.000707714	0.03113942	0.00353857	0.030431706	0.040339703	0	0.004246285	0.011323425	0.004246285	0.021939137
Others	B.1.1	0.006420546	0	0	0.009630819	0	0.001605136	0.001605136	0.008025682	0.011235955	0.033707865	0	0.008025682	2.09E-02	0.017656501	0.012841091	0.016051364	0.012841091	0.019261637	0.008025682	0	0.027287319	0.019261637	0.008025682	0.04975923	0.001605136	0.033707865	0.001605136	0.046548957	0.052969502	0.001605136	0.003210273	0.011235955	0.004815409	2.57E-02
Others	B.1.2	0.016025641	0.001602564	0	0.011217949	0	0.016025641	0.011217949	0.048076923	0.011217949	0.072115385	0.004807692	0.011217949	0.003205128	0.009615385	0.006410256	0.011217949	0.006410256	0.009615385	0.006410256	0	0.02724359	0.019230769	0.012820513	0.043269231	0.003205128	0.012820513	0.001602564	0.060897436	0.067307692	0	0	0.003205128	0.008012821	0.012820513
Others	B.1.177	0.012544803	0.001792115	0	0.007168459	0.00E+00	0.005376344	0.001792115	0.007168459	0.007168459	0.025089606	0.001792115	0.001792115	0.019713262	0.010752688	0.016129032	0.021505376	0.001792115	0.008960573	0.005376344	0	0.032258065	0.021505376	0.017921147	0.046594982	0	0.019713262	0.00E+00	0.048387097	0.062724014	0	0	0.010752688	0.007168459	0.028673835
Others	B.1.429	0.010135135	0	0	0.003378378	0	0.003378378	0	0.003378378	0.006756757	0.003378378	0	0.006756757	0.006756757	0.003378378	0.010135135	0.02027027	0.016891892	0.023648649	0.003378378	0	0.027027027	0.02027027	0.033783784	0.047297297	0	0.02027027	0	0.023648649	0.047297297	0	0	0.016891892	0.02027027	0.033783784
Others	B.1.351	0.007936508	0	0	0.007936508	0	0	0	0.023809524	0.071428571	0.5	0	0.007936508	0	0.015873016	0	0	0	0	0	0	0.007936508	0.007936508	0	0.03968254	0.007936508	0.007936508	0	0.031746032	0.023809524	0	0	0.023809524	0	0.023809524
Others	B.1.1.7	0.02248467	0.000227118	0	0.005450829	6.81E-04	0.029525324	0.001362707	0.019305019	0.021576198	0.038155803	0.002952532	0.010447422	0.004769475	1.02E-02	1.09E-02	0.006132183	0.011355894	0.018623666	0.000681354	0	0.007949126	0.019077901	0.014762662	0.034294799	0.002952532	0.019077901	0.002271179	0.044287985	0.046332046	0	0.002952532	0.010220304	0.012491483	0.022257552
Others	B.1.526	0.006134969	0	0	0.009202454	0	0.006134969	0	0.082822086	0.009202454	0.095092025	0.003067485	0.012269939	0.006134969	0.012269939	0.006134969	0	0.006134969	0.018404908	0.012269939	0	0.036809816	0.021472393	0.015337423	0.036809816	0.015337423	0.036809816	0.003067485	0.055214724	0.039877301	0	0	0.015337423	0.003067485	0.018404908
Others	P.1	0.010050251	0	0	0	0	0	0.005025126	0	0.010050251	0.010050251	0	0.005025126	0	0.015075377	0.010050251	0.010050251	0	0	0.015075377	0	0.040201005	0.020100503	0	0.040201005	0.045226131	0.055276382	0.010050251	0.025125628	0.065326633	0	0.010050251	0.015075377	0	0.010050251
Delta	AY.26	0.013392857	0	0	0.008928571	0	0.017857143	0.004464286	0	0	0	0	0	0.013392857	0.008928571	0.008928571	0.013392857	0.004464286	0.008928571	0.008928571	0	0.026785714	0.013392857	0.017857143	0.049107143	0	0.017857143	0.004464286	0.053571429	0.084821429	0	0	0.013392857	0.004464286	0.008928571
Delta	AY.5	0.037735849	0.003144654	0	0.003144654	0	0.003144654	0.012578616	0	0	0	0.003144654	0.01572327	0.022012579	0.012578616	0.01572327	0.018867925	0.022012579	0.009433962	0.003144654	0.040880503	0.012578616	0.018867925	0.01572327	0.028301887	0.003144654	0.01572327	0.003144654	0.034591195	0.050314465	0	0	0.006289308	0.006289308	0.009433962
Delta	AY.4	0.017587459	0.000191168	0	0.004396865	0.000382336	0.009176066	0.001720512	0	0	0	0.003058689	0.009558402	0.00974957	0.015293443	1.22E-02	0.014911107	1.13E-02	0.012999426	0.004205697	0.061556108	0.023513669	0.016631619	0.00974957	0.047983177	0	0.022557828	2.10E-03	0.035748423	0.042630472	0.000573504	0.002294016	0.01070541	0.00974957	1.20E-02
Delta	AY.122	0.013975155	0	0	0.00310559	0	0.00621118	0.00310559	0	0	0	0.001552795	0.01242236	0.007763975	0.00931677	0.00931677	0.013975155	0.01242236	0.01242236	0.00621118	0.00310559	0.01863354	0.029503106	0.013975155	0.045031056	0	0.02484472	0.00310559	0.038819876	0.038819876	0	0.00310559	0.013975155	0.01863354	0.01552795
Delta	AY.98	0.012345679	0	0	0.00308642	0	0.021604938	0.00308642	0	0	0	0.00308642	0.00308642	0.018518519	0.015432099	0.021604938	0.018518519	0.015432099	0.012345679	0.009259259	0.021604938	0.024691358	0.018518519	0.009259259	0.049382716	0	0.024691358	0	0.024691358	0.040123457	0.055555556	0	0.009259259	0.00308642	0.00308642
Delta	AY.44	0.012040134	0.002006689	0	0.006688963	0.000668896	0.016053512	0.002675585	0	0	0	0.001337793	0.010033445	0.011371237	0.011371237	0.015384615	0.014715719	0.016053512	7.36E-03	0.010033445	0	0.024080268	0.018729097	0.011371237	0.03277592	0.000668896	0.022073579	0.000668896	0.035451505	0.040802676	0	0.002675585	0.008695652	0.008695652	0.012040134
Delta	AY.47	0.019900498	0	0	0.024875622	0.004975124	0.004975124	0	0	0	0	0.004975124	0	0.009950249	0.029850746	0.009950249	0.029850746	0.014925373	0.004975124	0	0	0.014925373	0.019900498	0.004975124	0.024875622	0	0.019900498	0	0.074626866	0.059701493	0.009950249	0	0.019900498	0.009950249	0.019900498
Delta	AY.25	0.014184397	0.000886525	0	0.009751773	0	0.014184397	0.00177305	0	0	0	0.00177305	0.009751773	0.017730496	0.010638298	0.012411348	0.013297872	0.014184397	0.011524823	0.007092199	0.000886525	0.016843972	0.02570922	0.014184397	0.035460993	0.00177305	0.014184397	0.002659574	0.060283688	0.048758865	0.00177305	0.00177305	0.022163121	0.015070922	0.011524823
Delta	AY.3	0.012548263	0.001930502	0	0.002895753	9.65E-04	0.014478764	0.002895753	0	0	0	0.000965251	0.004826255	0.004826255	0.012548263	1.54E-02	0.012548263	0.016409266	0.013513514	0.006756757	0.001930502	0.02992278	0.026061776	0.014478764	0.047297297	0.001930502	0.021235521	0.001930502	0.041505792	0.053088803	0	0.004826255	0.010617761	0.015444015	0.012548263
Delta	AY.43	0.019252548	0.001132503	0	0.003397508	0	0.020385051	0.003397508	0	0	0	0.002265006	0.011325028	0.013590034	0.004530011	2.15E-02	0.026047565	0.012457531	0.026047565	0.009060023	0.012457531	0.032842582	0.021517554	0.022650057	0.046432616	0.00E+00	0.014722537	0.005662514	0.039637599	0.043035108	0.001132503	0.002265006	0.00792752	0.013590034	0.026047565
Delta	AY.39	0.009118541	0.003039514	0	0	0	0.036474164	0	0	0	0	0	0.015197568	0.024316109	0.015197568	0.015197568	0.018237082	0.018237082	0.006079027	0.003039514	0.006079027	0.036474164	0.024316109	0.012158055	0.045592705	0	0.021276596	0	0.048632219	0.060790274	0	0	0.009118541	0.012158055	0.018237082
Delta	AY.103	0.016602103	0	0	0.004980631	0.000553403	0.023242944	0.002213614	0	0	0	0.003320421	0.011068069	0.009407858	0.011068069	1.88E-02	0.014388489	0.011621472	1.99E-02	0.003873824	0	0.026009961	0.023242944	0.007194245	0.040951854	0.002213614	0.022689541	2.77E-03	0.03873824	0.044272274	0.000553403	0.003873824	0.008301051	0.016602103	0.016602103
Delta	AY.100	0.023696682	0	0	0.007109005	0	0.007109005	0.002369668	0	0	0	0.007109005	0.011848341	0.009478673	0.016587678	0.011848341	0.009478673	0.014218009	2.37E-02	0.007109005	0	0.035545024	0.018957346	0.014218009	0.052132701	0	0.016587678	0.004739336	0.037914692	0.056872038	0	0.002369668	0.007109005	0.016587678	2.37E-03
BAA	BA.1	0.007575758	0.00094697	0	0.010416667	0	0.011363636	0.012310606	0.012310606	0.017992424	0.03219697	0.006628788	0.014204545	0.016098485	3.79E-03	1.23E-02	0.014204545	7.58E-03	0.008522727	0.015151515	0.045454545	2.27E-02	0.026515152	0.007575758	0.024621212	2.84E-03	0.007575758	0.004734848	0.045454545	0.040719697	0	0.004734848	0.008522727	0.008522727	0.015151515
BAA	BA.1.17	0	0	0	0.00862069	0	0	0.00862069	0	0.025862069	0.017241379	0	0.00862069	0.00862069	0	0.017241379	0.017241379	0.034482759	0	0.00862069	0.060344828	0.034482759	0.034482759	0.017241379	0.043103448	0	0.034482759	0.00862069	0.043103448	0.034482759	0	0	0.017241379	0	0.017241379
BAA	BA.1.18	0.016528926	0	0	0.008264463	0	0	0.008264463	0.008264463	0.008264463	0.016528926	0.099173554	0.008264463	0.008264463	0	0	0.016528926	0.008264463	0	0	0.024793388	0.033057851	0.024793388	0	0.05785124	0	0	0.033057851	0.016528926	0.049586777	0	0	0.016528926	0.016528926	0.016528926
BAA	BA.1.20	0	0	0	0	0	0	0	0	0	0	0	0	0	0	0	0	0	0	0	0	0	0	0	0	0	0	0	0	0	0	0	0	0	0
BAA	BA.1.15	0.005464481	0	0	0.008196721	0	0.005464481	0.005464481	0.008196721	0.021857923	0.021857923	0.008196721	0.008196721	0.008196721	5.46E-03	5.46E-03	0.013661202	0.00273224	0.010928962	0.038251366	0.024590164	4.92E-02	0.027322404	0.00273224	0.021857923	1.64E-02	0.016393443	0.013661202	0.027322404	0.035519126	0	0.00273224	0.005464481	0.00273224	0.010928962
BAA	BA.1.1.18	0.004739336	0.037914692	0	0.014218009	0	0.004739336	0.004739336	0.009478673	0.018957346	0.018957346	0.014218009	0.004739336	0.018957346	0	0	0.009478673	0.004739336	0.009478673	0.009478673	0	0.018957346	0.018957346	0.009478673	0.014218009	0.004739336	0.009478673	0.009478673	0.052132701	0.066350711	0	0	0	0	0.023696682
BAA	BA.1.17.2	0.004926108	0.006568144	0.001642036	0.008210181	0	0.008210181	0.011494253	0.013136289	0.009852217	0.02955665	0	8.21E-03	0.013136289	4.93E-03	0.006568144	0.018062397	0.011494253	0.008210181	0.011494253	0.055829228	2.96E-02	0.02134647	0.009852217	0.02955665	0	0.009852217	0.003284072	0.042692939	0.054187192	0	0.003284072	0.004926108	0.004926108	1.64E-02
BAA	BA.1.1	0.005963474	0.003354454	0.001490868	0.010063362	0.000372717	0.007454342	0.017144987	0.013790533	0.01416325	0.0283265	0.004845322	0.015281401	0.019008572	0.005590757	8.20E-03	0.008572493	6.34E-03	0.008572493	0.012299665	0.032799105	2.57E-02	0.021244875	0.008572493	0.030562803	2.98E-03	0.010063362	0.00521804	0.046589638	0.061125606	0	0.001863586	0.005590757	0.004845322	0.018263138
BAA	BA.1.15.1	0.007575758	0	0	0.007575758	0	0	0.022727273	0.007575758	0.007575758	0.03030303	0	0.015151515	0.007575758	0	0	0.022727273	0.022727273	0.007575758	0.053030303	0.060606061	0.060606061	0.007575758	0	0.03030303	0	0.007575758	0	0.022727273	0.060606061	0	0.007575758	0	0.015151515	0.007575758
BAA	BA.1.1.1	0	0	0	0	0	0	0	0	0	0	0	0	0	0	0	0	0	0	0	0	0	0	0	0	0	0	0	0	0	0	0	0	0	0
BAB	BA.2.10	0	0	0.068627451	0	0	0	0.049019608	0.019607843	0	0.039215686	0.019607843	0	0.019607843	0	0	0	0.019607843	0	0.019607843	0.098039216	0.009803922	0.009803922	0	0	0	0.009803922	0	0.058823529	0.039215686	0	0	0	0	0
BAB	BA.2.3	0.004975124	0	0	0.014925373	0	0	0.024875622	0.029850746	0.024875622	0.044776119	0.004975124	0.024875622	0.014925373	0	0.004975124	0	0.004975124	0	0.019900498	0.049751244	0.014925373	0	0	0.029850746	0	0.004975124	0.009950249	0.084577114	0.059701493	0	0	0.009950249	0	0.004975124
BAB	BA.2.9	0.005424955	0	0.00E+00	0.009041591	0	0	0.036166365	0.005424955	0.028933092	0.068716094	0.005424955	1.63E-02	0.028933092	0.005424955	0.003616637	0.005424955	0.003616637	0.003616637	0.012658228	0.037974684	0.019891501	0.023508137	0.003616637	0.027124774	1.81E-03	0.01084991	0.001808318	0.032549729	0.065099458	0	0	0.009041591	0.001808318	0.012658228
BAB	BA.2	0.004894463	0.000305904	0.00E+00	0.009177118	0.002753136	0.002141328	0.018660141	0.00856531	0.020801468	0.040379321	0.003059039	1.53E-02	0.0232487	0.005812175	5.20E-03	0.006118079	2.45E-03	4.28E-03	0.013765678	0.064239829	0.022636892	0.017130621	0.009177118	0.030284491	6.12E-04	0.01162435	0.003670847	0.068522484	0.050474151	0.000611808	0.003059039	0.005812175	0.003059039	0.010706638
BAB	BA.2.12.1	0.005720824	0	0.00E+00	0.009153318	0	0.001144165	0.008009153	0.008009153	0.010297483	0.020594966	0.009153318	0.022883295	0.013729977	0.003432494	8.01E-03	0.011441648	4.58E-03	9.15E-03	0.008009153	0.003432494	0.019450801	0.018306636	0.010297483	0.034324943	1.14E-03	0.017162471	0.010297483	0.054919908	0.081235698	0.001144165	0.030892449	0.011441648	0.004576659	0.013729977
BAC	BA.4	0.006622517	0	0	0.033112583	0.006622517	0	0.013245033	0.006622517	0.01986755	0.039735099	0.006622517	0.026490066	0.013245033	0.006622517	0.033112583	0	0.006622517	0.01986755	0.006622517	0.052980132	0.01986755	0.01986755	0.013245033	0.01986755	0	0	0.006622517	0.072847682	0.059602649	0	0	0.006622517	0	0.039735099
BAC	BA.4.1	0.01	0	0	0.005	0.005	0	0.005	0.01	0.005	0.015	0.02	0.005	0.025	0.005	0.01	0.01	0.005	0.01	0.005	0.02	0.025	0.02	0.005	0.035	0	0.025	0	0.075	0.08	0	0	0.01	0	0.015
BAC	BA.5	0.006060606	0	0	0	0	0.012121212	0.018181818	0.03030303	0	0.048484848	0.012121212	0.012121212	0.012121212	0	0.012121212	0.018181818	0.024242424	0	0.006060606	0.042424242	0.012121212	0.03030303	0.018181818	0.036363636	0	0.012121212	0	0.03030303	0.066666667	0	0	0	0.018181818	0.006060606
BAC	BA.5.1	0.004739336	0	0	0	0.035545024	0.001184834	0.007109005	0.009478673	0.007109005	0.028436019	0.001184834	0.007109005	0.008293839	0.009478673	0.015402844	0.024881517	1.90E-02	1.66E-02	0.004739336	0.013033175	2.84E-02	0.015402844	0.011848341	0.033175355	0	0.008293839	0.00E+00	0.029620853	0.050947867	0	0.001184834	0.005924171	0.02014218	0.033175355
BAC	BA.5.5	0.002898551	0.002898551	0	0.002898551	0	0	0.005797101	0.005797101	0.011594203	0.023188406	0.002898551	0.014492754	0.008695652	0.008695652	0.014492754	0.011594203	0.023188406	0.031884058	0.002898551	0.002898551	0.031884058	0.020289855	0.017391304	0.063768116	0.002898551	0.005797101	0.005797101	0.052173913	0.034782609	0.005797101	0	0.002898551	0.017391304	0.017391304
BAC	BE.1	0.005291005	0	0	0.010582011	0	0.010582011	0.005291005	0.021164021	0.010582011	0.021164021	0.005291005	0.015873016	0.010582011	0.005291005	0.005291005	0	0.021164021	0.005291005	0.010582011	0.010582011	0.021164021	0.015873016	0.010582011	0.021164021	0	0.021164021	0.005291005	0.021164021	0.063492063	0	0	0.021164021	0.005291005	0.021164021
BAC	BA.5.6	0	0	0	0.010152284	0	0	0.015228426	0.015228426	0.010152284	0.040609137	0.005076142	0.010152284	0.020304569	0.005076142	0.020304569	0.030456853	0.025380711	0	0	0	0.025380711	0.010152284	0.020304569	0.005076142	0	0.020304569	0.005076142	0.050761421	0.030456853	0	0.010152284	0.005076142	0.020304569	0.020304569
BAC	BA.5.2.1	0.011037528	0	0.001103753	0.001103753	0	0.002207506	0.006622517	0.007726269	0.016556291	0.026490066	0.002207506	0.008830022	0.015452539	0.008830022	0.028697572	0.020971302	0.020971302	0.013245033	0.005518764	0.003311258	0.020971302	0.01214128	0.015452539	0.026490066	0.00E+00	0.006622517	0.001103753	0.025386313	0.04415011	0.001103753	0.001103753	0.006622517	0.026490066	0.027593819
BAC	BA.5.2	0.011126565	0	1.39E-03	0.001390821	0	0.006954103	0.009735744	0.012517385	0.016689847	0.027816412	0.004172462	1.11E-02	0.011126565	0.008344924	2.09E-02	0.022253129	0.016689847	2.23E-02	0.005563282	0.005563282	0.030598053	0.02364395	0.016689847	0.033379694	0	0.008344924	0.001390821	0.034770515	0.036161335	0	0.001390821	0.002781641	0.026425591	0.016689847
BAC	BA.4.6	0.005649718	0	0	0.016949153	0	0	0.005649718	0	0.016949153	0.016949153	0.02259887	0.016949153	0.016949153	0.011299435	0.011299435	0	0.011299435	0.011299435	0.011299435	0.016949153	0.02259887	0.028248588	0.005649718	0.02259887	0	0.005649718	0	0.062146893	0.039548023	0	0	0.005649718	0.005649718	0.02259887
