Group	Mut	134V	135I	13S	141I	142S	145Y	14C	151L	152S	166I	168S	173V	195T	199S	206F	208V	229H	239H	243C	24I	253D	265I	270L	271I	289H	300Y	326L	327L	334I	35V	362I	365L	365S	366I	373N	379I	383L	383S	389H	391I	398V	40C	46S	49I	50V	55S	63Y	90S	9H
Others	B.1	0.003384913	0.008220503	0.00459381	0.005802708	0.00483559	0.008220503	0.00459381	0.004110251	0.005319149	0.003868472	0.008945841	0.001450677	0	0.006044487	0.000967118	0.001208897	0.00459381	0.000241779	0.006044487	0.00483559	0.001450677	0.002417795	0.005319149	0.005319149	0.007495164	0.006528046	0.003143133	0.013056093	0.007495164	0.002659574	0.007978723	0.003626692	0.00459381	0.006769826	0.00459381	0.008462282	0.007495164	0.007978723	0.00483559	0.006286267	0.008945841	0.003626692	0.006528046	0.000725338	0.000967118	0.003384913	0.005802708	0.007011605	0.006528046
Others	B.1.1	0.005017561	0.00652283	0.006021074	0.005017561	0.004014049	0.006021074	0.004014049	0.006021074	0.003512293	0.001505268	0.006021074	0.002508781	0.001003512	0.004515805	0.003512293	0.004014049	0.008028098	0.000501756	0.009031611	0.004014049	0.001505268	0.000501756	0.004515805	0.005519318	0.005519318	0.004515805	0.002508781	0.008529854	0.010035123	0.002007025	0.007526342	0.007526342	0.003010537	0.00652283	0.005017561	0.008529854	0.003512293	0.007024586	0.003512293	0.004515805	0.00652283	0.002508781	0.004014049	0	0.001003512	0.002508781	0.002508781	0.001505268	0.006021074
Others	B.1.2	0.004512126	0.004512126	0.00676819	0.000564016	0.006204174	0.001692047	0.007332205	0.002256063	0.007332205	0.004512126	0.007332205	0.001128032	0.002820079	0.002256063	0.001128032	0	0.007332205	0.001128032	0.002820079	0.008460237	0.002256063	0.004512126	0.005640158	0.008460237	0.008460237	0.008460237	0.004512126	0.018612521	0.012408347	0.003384095	0.0107163	0.007332205	0.005640158	0.006204174	0.005076142	0.008460237	0.011280316	0.006204174	0.004512126	0.009024253	0.008460237	0.002256063	0.002820079	0.000564016	0	0.003948111	0.002820079	0.007332205	0.008460237
Others	B.1.177	0.003908158	0.004885198	0.005862237	0.011724475	0.007327797	0.011235955	0.007816317	0.007816317	0.005373718	0.001465559	0.014167074	0.002931119	0.002442599	0.002442599	0.00048852	0.00097704	0.006839277	0	0.005373718	0.003419638	0.00048852	0.003419638	0.004885198	0.009281876	0.004885198	0.008304836	0.006350757	0.008793356	0.011724475	0.002442599	0.005373718	0.004396678	0.005862237	0.007327797	0.00097704	0.011235955	0.006839277	0.009281876	0.002931119	0.006350757	0.008304836	0.001465559	0.006839277	0.00048852	0.001954079	0.006350757	0.003419638	0.008793356	0.006350757
Others	B.1.429	0.00284495	0.0056899	0.004267425	0.004267425	0.009957326	0.007112376	0.004267425	0.004267425	0.0056899	0.001422475	0.008534851	0.007112376	0.001422475	0.0056899	0	0	0.004267425	0	0.007112376	0.0056899	0.004267425	0	0.007112376	0.0056899	0.009957326	0.0056899	0.001422475	0.018492176	0.007112376	0	0.014224751	0.008534851	0.015647226	0.012802276	0.00284495	0.011379801	0.017069701	0.0056899	0.001422475	0.0056899	0.008534851	0.00284495	0.001422475	0.001422475	0.001422475	0.0056899	0.00284495	0.007112376	0.004267425
Others	B.1.351	0	0.005208333	0.020833333	0	0.010416667	0.005208333	0	0	0.005208333	0.005208333	0.010416667	0	0	0	0	0.005208333	0	0	0.005208333	0.010416667	0	0	0.010416667	0.020833333	0.03125	0	0	0.010416667	0.015625	0	0.020833333	0.010416667	0.005208333	0.020833333	0.005208333	0.015625	0.010416667	0	0.010416667	0	0.015625	0	0	0	0	0.010416667	0	0.020833333	0.005208333
Others	B.1.1.7	0.003949794	0.01483367	0.00412534	0.008075134	0.009128412	0.010620556	0.016413587	0.009128412	0.007899587	0.003159835	0.007285175	0.005354165	0.001579917	0.004300887	0.000789959	0.008865093	0.007460721	0.001667691	0.006934082	0.004915299	0.001053278	0.005968577	0.006407443	0.007724041	0.005003072	0.009742825	0.00438866	0.011059422	0.007811814	0.002282103	0.009216185	0.007899587	0.006758536	0.007021856	0.005705258	0.008426227	0.005880804	0.005617484	0.004915299	0.003598701	0.006144124	0.003072062	0.005441938	0.000526639	0.000877732	0.00658299	0.004300887	0.008689546	0.003949794
Others	B.1.526	0	0.00456621	0.002283105	0.00913242	0.012557078	0.010273973	0.005707763	0.00913242	0.002283105	0	0.010273973	0.006849315	0.002283105	0.003424658	0.001141553	0	0.005707763	0	0.007990868	0.00456621	0.005707763	0.002283105	0.007990868	0.002283105	0.006849315	0.012557078	0.007990868	0.019406393	0.006849315	0	0.015981735	0.00913242	0.003424658	0.005707763	0.007990868	0.005707763	0.00913242	0.011415525	0.003424658	0.007990868	0.007990868	0.005707763	0.003424658	0	0.001141553	0.007990868	0.01369863	0.006849315	0.007990868
Others	P.1	0.01208981	0.008635579	0	0	0.005181347	0	0.010362694	0.001727116	0.001727116	0.003454231	0	0.006908463	0	0.003454231	0.001727116	0.013816926	0.005181347	0.001727116	0.005181347	0.013816926	0	0.01208981	0.005181347	0.008635579	0.010362694	0.006908463	0	0.005181347	0.01208981	0.005181347	0.008635579	0.006908463	0.003454231	0.003454231	0.005181347	0.005181347	0.013816926	0.008635579	0.006908463	0.01208981	0.01208981	0.003454231	0.008635579	0	0	0.001727116	0.005181347	0.006908463	0.005181347
Delta	AY.26	0.005333333	0.024	0.004	0.008	0.002666667	0.004	0.004	0.005333333	0	0	0.002666667	0.004	0	0.002666667	0.016	0.004	0.001333333	0.001333333	0.009333333	0	0.006666667	0.001333333	0.006666667	0.006666667	0.004	0.009333333	0.005333333	0.010666667	0.004	0.004	0.009333333	0.008	0.002666667	0.002666667	0.002666667	0.009333333	0.005333333	0.006666667	0.004	0.002666667	0.005333333	0.005333333	0.001333333	0.001333333	0.002666667	0.005333333	0.001333333	0.014666667	0.002666667
Delta	AY.5	0.002136752	0.021367521	0.002136752	0.003205128	0.004273504	0.00534188	0.007478632	0.004273504	0.012820513	0.003205128	0.008547009	0.004273504	0.001068376	0.001068376	0.003205128	0.004273504	0.011752137	0	0.009615385	0.009615385	0	0.001068376	0.009615385	0	0.003205128	0.008547009	0.003205128	0.009615385	0.00534188	0.006410256	0.010683761	0.004273504	0.004273504	0.00534188	0.010683761	0.003205128	0.001068376	0.004273504	0.003205128	0.003205128	0.008547009	0	0.002136752	0.001068376	0	0.004273504	0.001068376	0.013888889	0.007478632
Delta	AY.4	0.003170262	0.014297259	0.004102692	0.006029713	0.004537826	0.00528377	0.008391869	0.005594579	0.006091875	0.001802698	0.007894573	0.003791882	0.00155405	0.005345931	0.004475664	0.001989184	0.006589171	0.000186486	0.007335115	0.004724312	0.00124324	0.004227016	0.006029713	0.005781065	0.006589171	0.007583763	0.0031081	0.011624293	0.006651333	0.00341891	0.007708087	0.005843227	0.004102692	0.007086467	0.008889165	0.008454031	0.006899981	0.005843227	0.003791882	0.001927022	0.006402685	0.002424318	0.005594579	0.000372972	0.00124324	0.00528377	0.001429726	0.009075651	0.006962143
Delta	AY.122	0.002721829	0.017964072	0.005443658	0.003810561	0.005988024	0.004899292	0.00653239	0.005988024	0.004899292	0.000544366	0.008165487	0.002177463	0.001088732	0.001633097	0.004899292	0.001633097	0.01034295	0.000544366	0.00653239	0.00653239	0.001088732	0.002721829	0.007621121	0.008165487	0.005988024	0.008165487	0.004354927	0.010887316	0.005443658	0.003810561	0.009798585	0.004899292	0.00653239	0.004899292	0.016330974	0.011976048	0.008709853	0.005443658	0.002721829	0.004354927	0.007621121	0.00653239	0.004354927	0.001088732	0	0.003810561	0	0.008709853	0.003810561
Delta	AY.98	0.004604052	0.004604052	0.004604052	0.005524862	0.007366483	0.006445672	0.011049724	0.006445672	0.007366483	0	0.009208103	0.004604052	0.001841621	0.002762431	0.002762431	0	0.009208103	0	0.007366483	0.005524862	0.00092081	0.004604052	0.004604052	0.007366483	0.003683241	0.006445672	0.003683241	0.020257827	0.006445672	0.001841621	0.011970534	0.008287293	0.004604052	0.007366483	0.005524862	0.007366483	0.001841621	0.006445672	0.003683241	0.00092081	0.006445672	0.001841621	0.007366483	0.001841621	0	0.006445672	0.00092081	0.013812155	0.006445672
Delta	AY.44	0.00167384	0.013390722	0.004065041	0.005021521	0.005499761	0.006695361	0.008608321	0.007412721	0.006695361	0.00191296	0.008847441	0.004543281	0.00191296	0.007173601	0.004065041	0.00071736	0.008130081	0.0011956	0.010282162	0.005260641	0.0023912	0.003586801	0.005499761	0.006217121	0.005738881	0.007412721	0.003825921	0.012912482	0.005978001	0.00215208	0.008130081	0.006217121	0.005499761	0.007890961	0.007890961	0.006934481	0.005021521	0.006217121	0.00167384	0.004543281	0.004543281	0.00215208	0.004782401	0.00023912	0.00071736	0.005738881	0.00023912	0.010043042	0.005978001
Delta	AY.47	0.007633588	0.016793893	0.001526718	0.003053435	0.001526718	0.003053435	0.00610687	0.004580153	0.00610687	0.004580153	0.007633588	0.003053435	0.001526718	0.00610687	0.00610687	0.004580153	0.001526718	0	0.004580153	0.00610687	0.010687023	0.001526718	0.003053435	0.00610687	0.00610687	0.004580153	0.003053435	0.015267176	0.004580153	0.010687023	0.004580153	0.007633588	0.003053435	0.003053435	0.007633588	0.004580153	0.007633588	0	0.001526718	0.004580153	0.00610687	0.001526718	0.004580153	0	0	0.004580153	0	0.00610687	0.004580153
Delta	AY.25	0.00330033	0.01650165	0.003575358	0.006050605	0.005775578	0.00550055	0.009350935	0.00440044	0.00990099	0.001650165	0.007425743	0.003850385	0.001650165	0.006875688	0.005775578	0.001925193	0.007425743	0.000275028	0.008250825	0.003850385	0.001925193	0.00440044	0.004675468	0.0110011	0.006875688	0.00770077	0.004125413	0.012651265	0.006875688	0.00220022	0.007975798	0.006875688	0.00660066	0.00770077	0.008525853	0.00880088	0.005775578	0.004675468	0.002750275	0.00330033	0.007425743	0.001375138	0.00550055	0.000275028	0.001650165	0.005775578	0.000825083	0.00880088	0.004950495
Delta	AY.3	0.001861042	0.015198511	0.003722084	0.007444169	0.0058933	0.004962779	0.008064516	0.004962779	0.004652605	0.000930521	0.007133995	0.001550868	0.000310174	0.004652605	0.004342432	0.002171216	0.005272953	0.019540943	0.004652605	0.003722084	0.001861042	0.003101737	0.007754342	0.006203474	0.004962779	0.0117866	0.003411911	0.013647643	0.005583127	0.003411911	0.007754342	0.006203474	0.004342432	0.007754342	0.008684864	0.010856079	0.004962779	0.003722084	0.002171216	0.003722084	0.004652605	0.005272953	0.008684864	0.000310174	0.000620347	0.004652605	0.001861042	0.008684864	0.005272953
Delta	AY.43	0.003760969	0.015461763	0.003343084	0.005850397	0.005850397	0.004178855	0.00835771	0.005014626	0.007521939	0.001253656	0.007104053	0.005014626	0.000835771	0.005850397	0.002089427	0.003343084	0.010029252	0	0.003760969	0.00835771	0.002089427	0.003760969	0.006686168	0.00835771	0.00835771	0.00835771	0.003343084	0.01295445	0.007521939	0.002507313	0.005432511	0.007521939	0.002925198	0.006268282	0.010447137	0.00835771	0.006686168	0.009193481	0.005014626	0.002925198	0.005432511	0.002925198	0.006686168	0.001671542	0.000835771	0.009193481	0.001671542	0.007104053	0.005432511
Delta	AY.39	0.002096436	0.01572327	0.00524109	0.00524109	0.006289308	0.00524109	0.011530398	0.00524109	0.007337526	0.001048218	0.006289308	0.011530398	0.001048218	0.002096436	0.006289308	0.001048218	0.009433962	0.001048218	0.008385744	0.008385744	0.002096436	0.006289308	0.003144654	0.007337526	0.00524109	0.01048218	0.002096436	0.013626834	0.002096436	0.001048218	0.009433962	0.007337526	0.004192872	0.01048218	0.006289308	0.006289308	0.008385744	0.003144654	0.00524109	0.002096436	0.006289308	0.003144654	0.00524109	0	0.001048218	0.007337526	0	0.007337526	0.002096436
Delta	AY.103	0.002614642	0.016291231	0.004424779	0.004022526	0.007240547	0.004424779	0.009654063	0.006033789	0.006436042	0.001407884	0.007240547	0.00543041	0.001206758	0.004022526	0.0038214	0.0038214	0.007240547	0.00160901	0.006033789	0.00543041	0.002413516	0.003419147	0.005832663	0.004223652	0.006637168	0.010056315	0.00543041	0.0114642	0.007039421	0.001810137	0.007039421	0.007240547	0.002614642	0.008447305	0.011866452	0.009452936	0.006436042	0.004625905	0.003218021	0.002413516	0.006234916	0.002413516	0.006637168	0.000402253	0.002011263	0.006033789	0.000804505	0.006637168	0.007039421
Delta	AY.100	0.004243281	0.010608204	0.002121641	0.004950495	0.006364922	0.004243281	0.010608204	0.004243281	0.007072136	0	0.008486563	0.003536068	0.001414427	0.004243281	0.002121641	0.004243281	0.008486563	0.001414427	0.007779349	0.003536068	0.003536068	0.002828854	0.002828854	0.007072136	0.003536068	0.00990099	0.005657709	0.016265912	0.005657709	0.004950495	0.009193777	0.009193777	0.002828854	0.004243281	0.011315417	0.012729844	0.003536068	0.005657709	0.002121641	0.004950495	0.003536068	0.002121641	0.003536068	0.000707214	0.002121641	0.004950495	0.000707214	0.007779349	0.00990099
BAA	BA.1	0.010158014	0.013261851	0.007054176	0.007900677	0.006772009	0.007336343	0.005361174	0.008465011	0.003103837	0.005925508	0.01241535	0.005643341	0.000846501	0.003950339	0.000282167	0.007054176	0.002539503	0.000282167	0.002257336	0.006207675	0.001128668	0.003386005	0.005361174	0.008182844	0.007900677	0.008747178	0.004514673	0.016647856	0.006772009	0.001975169	0.010158014	0.007054176	0.006207675	0.009311512	0.003103837	0.009311512	0.007336343	0.00479684	0.003668172	0.005361174	0.006489842	0.005361174	0.00479684	0.006772009	0.008465011	0.001410835	0.001410835	0.004514673	0.002257336
BAA	BA.1.17	0.025445293	0.020356234	0.010178117	0.010178117	0.002544529	0.002544529	0.002544529	0	0.002544529	0	0.012722646	0.007633588	0.002544529	0.007633588	0.002544529	0.002544529	0.005089059	0	0.005089059	0.012722646	0	0.010178117	0.005089059	0.007633588	0.010178117	0.007633588	0.002544529	0.017811705	0.012722646	0.005089059	0.007633588	0.005089059	0.005089059	0.010178117	0.002544529	0.005089059	0.005089059	0.002544529	0	0.005089059	0.007633588	0.002544529	0.010178117	0.010178117	0.010178117	0.005089059	0.002544529	0.007633588	0
BAA	BA.1.18	0.012987013	0.015584416	0.007792208	0.005194805	0.007792208	0.012987013	0.005194805	0.005194805	0	0.002597403	0.012987013	0.005194805	0	0.007792208	0	0.002597403	0	0	0.007792208	0.002597403	0	0.007792208	0	0.007792208	0.007792208	0	0	0.007792208	0.005194805	0.002597403	0	0.005194805	0.007792208	0.01038961	0.005194805	0.005194805	0.002597403	0.007792208	0	0.005194805	0.018181818	0.007792208	0.007792208	0.002597403	0	0.002597403	0.007792208	0	0
BAA	BA.1.20	0.006849315	0.01369863	0	0.003424658	0.006849315	0.003424658	0.010273973	0	0.003424658	0.010273973	0.010273973	0.003424658	0	0.010273973	0	0.006849315	0.003424658	0	0.003424658	0.010273973	0.003424658	0.010273973	0	0.006849315	0	0.003424658	0.006849315	0.01369863	0.006849315	0.006849315	0.010273973	0.01369863	0.006849315	0.003424658	0.003424658	0.01369863	0.006849315	0.010273973	0	0	0.006849315	0.003424658	0.006849315	0.01369863	0.010273973	0	0.003424658	0.003424658	0
BAA	BA.1.15	0.012562814	0.022613065	0.004187605	0.007537688	0.006700168	0.010050251	0.005025126	0.012562814	0.002512563	0.005862647	0.011725293	0.008375209	0.001675042	0.005862647	0.000837521	0.005862647	0.001675042	0	0.005862647	0.010050251	0.000837521	0	0.003350084	0.016750419	0.005862647	0.010887772	0.005025126	0.010887772	0.003350084	0.001675042	0.006700168	0.005862647	0.003350084	0.013400335	0.000837521	0.007537688	0.011725293	0.011725293	0.002512563	0.005025126	0.004187605	0.004187605	0.005025126	0.006700168	0.006700168	0.002512563	0.000837521	0.004187605	0.001675042
BAA	BA.1.1.18	0.006925208	0.008310249	0.005540166	0.006925208	0.008310249	0.004155125	0.006925208	0.004155125	0.001385042	0.005540166	0.009695291	0.005540166	0	0.001385042	0	0.006925208	0	0	0	0.005540166	0	0.002770083	0.004155125	0.008310249	0.006925208	0.004155125	0	0.012465374	0.005540166	0.005540166	0.005540166	0.013850416	0.002770083	0.005540166	0.002770083	0.008310249	0.008310249	0.006925208	0.001385042	0.011080332	0.009695291	0.002770083	0.002770083	0.006925208	0.002770083	0	0.002770083	0.004155125	0.002770083
BAA	BA.1.17.2	0.011159631	0.021834061	0.005822416	0.008733624	0.005337215	0.007763222	0.004852014	0.009218826	0.00339641	0.001940805	0.007763222	0.004366812	0.000485201	0.00339641	0.000970403	0.005337215	0.004366812	0	0.008733624	0.00727802	0.000970403	0.002911208	0.006792819	0.006792819	0.004852014	0.007763222	0.003881611	0.018437652	0.00727802	0.003881611	0.009704027	0.006792819	0.006792819	0.009218826	0.003881611	0.00727802	0.011644833	0.006307618	0.000970403	0.002911208	0.010189229	0.006792819	0.005337215	0.00339641	0.003881611	0.000970403	0.001940805	0.002426007	0.004366812
BAA	BA.1.1	0.011475068	0.012935531	0.006885041	0.009075735	0.008867098	0.007510953	0.006572084	0.00782391	0.002295014	0.005007302	0.007615272	0.005633215	0.00177342	0.005320259	0.000938869	0.004694346	0.002295014	0.000104319	0.003651158	0.004902984	0.000730232	0.003546839	0.003755477	0.007406635	0.005320259	0.008136866	0.004902984	0.010327561	0.008032547	0.002399332	0.009075735	0.008345504	0.004694346	0.007928229	0.003338202	0.00865846	0.008136866	0.006572084	0.001356144	0.004694346	0.005841853	0.004172752	0.003964114	0.005528896	0.00521594	0.002399332	0.001877738	0.00521594	0.001564782
BAA	BA.1.15.1	0.002375297	0.009501188	0.011876485	0.009501188	0.004750594	0.004750594	0.007125891	0.004750594	0.002375297	0.007125891	0.016627078	0.007125891	0	0.004750594	0	0.002375297	0	0.002375297	0.002375297	0.007125891	0.002375297	0.002375297	0.004750594	0.007125891	0.002375297	0.007125891	0.002375297	0.007125891	0.011876485	0.004750594	0.009501188	0.009501188	0.007125891	0.011876485	0.002375297	0.009501188	0.009501188	0.019002375	0	0.002375297	0.004750594	0	0.011876485	0.007125891	0.011876485	0	0.007125891	0	0.007125891
BAA	BA.1.1.1	0.018461538	0.006153846	0.009230769	0.006153846	0.003076923	0.012307692	0.012307692	0.006153846	0.006153846	0.009230769	0.012307692	0.012307692	0.018461538	0.003076923	0	0	0.006153846	0	0.012307692	0.003076923	0	0	0.006153846	0.009230769	0	0.003076923	0	0.012307692	0.009230769	0	0.003076923	0.003076923	0	0.012307692	0.006153846	0.006153846	0.006153846	0.006153846	0.015384615	0.006153846	0.003076923	0.003076923	0.006153846	0.006153846	0.003076923	0.015384615	0.003076923	0.006153846	0.003076923
BAB	BA.2.10	0.010335917	0.020671835	0.002583979	0.007751938	0.005167959	0.012919897	0	0.005167959	0.005167959	0.007751938	0.010335917	0.002583979	0	0.002583979	0.002583979	0.005167959	0	0	0.005167959	0.007751938	0	0.002583979	0.002583979	0.015503876	0.012919897	0.012919897	0.005167959	0.012919897	0.010335917	0.002583979	0.018087855	0.007751938	0.007751938	0.007751938	0.005167959	0.010335917	0.005167959	0.010335917	0.002583979	0.005167959	0.002583979	0.007751938	0.005167959	0.010335917	0.007751938	0	0.002583979	0	0.002583979
BAB	BA.2.3	0.012870013	0.023166023	0.005148005	0.003861004	0.011583012	0.01029601	0.007722008	0.003861004	0	0.007722008	0.006435006	0.009009009	0.001287001	0.007722008	0.001287001	0.005148005	0.002574003	0.001287001	0.006435006	0.001287001	0.002574003	0.003861004	0.005148005	0.012870013	0	0.006435006	0.003861004	0.015444015	0.009009009	0.007722008	0.009009009	0.006435006	0.007722008	0.006435006	0.005148005	0.012870013	0.006435006	0.003861004	0.001287001	0	0.009009009	0.002574003	0.005148005	0.009009009	0.009009009	0.005148005	0.001287001	0.003861004	0.002574003
BAB	BA.2.9	0.007865169	0.019101124	0.006741573	0.008426966	0.007865169	0.009550562	0.004494382	0.007303371	0.001685393	0.007303371	0.013483146	0.004494382	0.002247191	0.008988764	0.000561798	0.006179775	0.002808989	0	0.002247191	0.008426966	0	0.006179775	0.002808989	0.007865169	0.004494382	0.010674157	0.006179775	0.013483146	0.011235955	0.002808989	0.012921348	0.009550562	0.007865169	0.00505618	0.006179775	0.010674157	0.006179775	0.007303371	0.002808989	0.001685393	0.008988764	0.003370787	0.006179775	0.009550562	0.006179775	0.001685393	0.001123596	0.004494382	0.001685393
BAB	BA.2	0.010911859	0.016240907	0.004736931	0.008966334	0.007359161	0.007951277	0.007528337	0.00828963	0.002537642	0.006767044	0.007189985	0.006597868	0.001015057	0.005329048	0.001353409	0.004144815	0.001860937	8.46E-05	0.006597868	0.006936221	0.000676704	0.004398579	0.004483167	0.008120453	0.005159871	0.009643038	0.002791406	0.01218068	0.009473862	0.00304517	0.00955845	0.008627982	0.004990695	0.007105397	0.004398579	0.007443749	0.008205041	0.007866689	0.000930469	0.003637286	0.007189985	0.004652343	0.004906107	0.007612925	0.007105397	0.001776349	0.001691761	0.002368466	0.002706818
BAB	BA.2.12.1	0.012040753	0.0157456	0.007409694	0.006483483	0.005866008	0.005557271	0.004939796	0.008644643	0.004631059	0.007100957	0.008644643	0.007718432	0.001234949	0.005557271	0.000617475	0.004939796	0.003087373	0	0.00339611	0.005557271	0.001543686	0.003087373	0.003704847	0.007718432	0.008335906	0.008335906	0.004013584	0.009879592	0.008027169	0.00339611	0.013275702	0.008644643	0.004013584	0.011423279	0.005248533	0.007409694	0.006483483	0.006483483	0.001543686	0.004013584	0.009879592	0.002161161	0.004631059	0.006174745	0.005557271	0.003087373	0.000617475	0.004631059	0.004939796
BAC	BA.4	0	0.005665722	0.005665722	0	0.005665722	0	0.008498584	0	0.002832861	0.005665722	0	0.002832861	0	0.011331445	0.002832861	0.008498584	0	0	0.005665722	0.005665722	0	0	0.016997167	0.008498584	0.011331445	0.005665722	0.002832861	0.002832861	0.014164306	0.008498584	0.008498584	0.005665722	0.002832861	0.005665722	0.011331445	0.005665722	0.025495751	0.014164306	0	0.002832861	0.011331445	0.008498584	0.005665722	0.016997167	0.005665722	0	0	0.011331445	0.016997167
BAC	BA.4.1	0.001754386	0.00877193	0.010526316	0	0.012280702	0	0.005263158	0	0.001754386	0.005263158	0	0.005263158	0.001754386	0.001754386	0.001754386	0.001754386	0.001754386	0	0.003508772	0.00877193	0	0.003508772	0.00877193	0.012280702	0.00877193	0.010526316	0.007017544	0.010526316	0.012280702	0.001754386	0.012280702	0.00877193	0.005263158	0.007017544	0.001754386	0.007017544	0.010526316	0.003508772	0.001754386	0.001754386	0.00877193	0.012280702	0.005263158	0.00877193	0.010526316	0.001754386	0.001754386	0.010526316	0.003508772
BAC	BA.5	0.018181818	0.012121212	0.012121212	0.006060606	0.003030303	0.003030303	0.003030303	0.009090909	0.003030303	0.009090909	0	0.009090909	0.003030303	0.003030303	0	0.003030303	0	0	0.003030303	0.006060606	0	0	0.012121212	0.009090909	0.006060606	0.003030303	0.006060606	0.015151515	0.015151515	0	0.009090909	0.003030303	0.012121212	0.003030303	0.015151515	0.003030303	0	0.009090909	0	0.003030303	0	0.003030303	0.009090909	0.006060606	0.006060606	0.009090909	0.012121212	0.006060606	0.003030303
BAC	BA.5.1	0.009699321	0.01600388	0.009699321	0.011639185	0.005334627	0.006789525	0.007759457	0.006304559	0.004849661	0.009214355	0.011154219	0.007274491	0.002909796	0.004849661	0	0.003394762	0.004364694	0	0.001939864	0.004849661	0.000484966	0.004364694	0.005334627	0.007759457	0.007274491	0.006304559	0.005334627	0.014064016	0.006789525	0.00242483	0.008729389	0.005819593	0.006304559	0.006789525	0.001939864	0.012609117	0.009214355	0.006789525	0.002909796	0.002909796	0.007759457	0.003394762	0.004849661	0.008729389	0.005819593	0.00242483	0.004849661	0.006304559	0.002909796
BAC	BA.5.5	0.005154639	0.012886598	0.00257732	0.005154639	0.003865979	0.003865979	0.006443299	0.007731959	0	0.005154639	0.010309278	0.010309278	0.00128866	0.003865979	0	0.006443299	0.003865979	0.00128866	0.003865979	0.010309278	0.00128866	0.00257732	0.006443299	0.007731959	0.00128866	0.006443299	0.003865979	0.015463918	0.010309278	0.00128866	0.012886598	0.006443299	0.007731959	0.006443299	0.005154639	0.00257732	0.005154639	0.009020619	0.00257732	0.005154639	0.009020619	0.00257732	0.005154639	0.006443299	0.009020619	0.005154639	0.005154639	0.007731959	0.00128866
BAC	BE.1	0.00212766	0.012765957	0.006382979	0.008510638	0.006382979	0.006382979	0.004255319	0.008510638	0.008510638	0.010638298	0	0.008510638	0	0.006382979	0	0.010638298	0.004255319	0	0.00212766	0.006382979	0	0.004255319	0.004255319	0.006382979	0.004255319	0.004255319	0.012765957	0.010638298	0.006382979	0.006382979	0.017021277	0.006382979	0.00212766	0.008510638	0.004255319	0.006382979	0.00212766	0.006382979	0.004255319	0.006382979	0.010638298	0.008510638	0.00212766	0.006382979	0	0.00212766	0.006382979	0	0
BAC	BA.5.6	0.008849558	0.006637168	0	0.013274336	0.004424779	0.015486726	0.002212389	0.004424779	0.002212389	0.004424779	0.006637168	0.002212389	0	0.013274336	0	0.008849558	0.004424779	0.002212389	0.006637168	0.008849558	0	0	0.004424779	0.004424779	0.002212389	0.011061947	0.006637168	0.026548673	0.011061947	0.002212389	0.002212389	0.004424779	0.002212389	0.004424779	0	0.019911504	0.011061947	0.006637168	0.004424779	0.006637168	0.002212389	0.006637168	0.006637168	0.004424779	0.008849558	0	0.004424779	0.004424779	0.002212389
BAC	BA.5.2.1	0.012200845	0.013608634	0.009854528	0.006569686	0.006569686	0.006100422	0.003754106	0.010323792	0.003284843	0.004692633	0.008916002	0.009854528	0.00140779	0.001877053	0.000469263	0.010323792	0.00140779	0	0.005631159	0.005631159	0	0.006569686	0.003284843	0.011731581	0.006100422	0.009854528	0.005631159	0.012670108	0.008446739	0.003754106	0.010323792	0.007038949	0.008916002	0.007038949	0.005161896	0.010323792	0.007038949	0.008916002	0.002346316	0.003754106	0.005631159	0.00281558	0.005161896	0.005161896	0.004223369	0.005161896	0.00140779	0.007508212	0.003754106
BAC	BA.5.2	0.011806375	0.0094451	0.007674144	0.008264463	0.00472255	0.005903188	0.004132231	0.010035419	0.006493506	0.002951594	0.005312869	0.008854782	0.001770956	0.007083825	0.000590319	0.005903188	0.00472255	0.000590319	0.007674144	0.007083825	0.001180638	0.004132231	0.006493506	0.006493506	0.006493506	0.012396694	0.00472255	0.008854782	0.010035419	0.002951594	0.0094451	0.005903188	0.008264463	0.010625738	0.007083825	0.013577332	0.011216057	0.007674144	0.001770956	0.005312869	0.010035419	0.002361275	0.00472255	0.007083825	0.003541913	0.002951594	0.001180638	0.002361275	0.001770956
BAC	BA.4.6	0.001941748	0.00776699	0.001941748	0	0.005825243	0	0.00776699	0	0.003883495	0.009708738	0	0.015533981	0.003883495	0.003883495	0	0.003883495	0.005825243	0	0.009708738	0.015533981	0.001941748	0.00776699	0.003883495	0.00776699	0.015533981	0.009708738	0.001941748	0.00776699	0.011650485	0.003883495	0.009708738	0.005825243	0.005825243	0.011650485	0.005825243	0.015533981	0.013592233	0.00776699	0.001941748	0.003883495	0.00776699	0.001941748	0.009708738	0.00776699	0.013592233	0	0	0.003883495	0
