Group	Mut	11I	12F	2L	307I	308L	309Q	316A	317S	323I	330S	547I	553I	572I	573I	574Y	580R	583D	588I	613E	613H	621S	623S	623V	624M	626S	628K	640F	642G	643L	647S	653V	9L	9S	9T
Others	B.1	0.000276205	0.003176357	0.000828615	0.002071537	0.003866869	0.001933435	0	0	0.002485844	0.002485844	0.003452562	0.00165723	0.007319431	0.003038254	0.002762049	0	0.006352714	0.000138102	0	0.003866869	0.001519127	0.001519127	0.001519127	0	0.000690512	0	0.004281177	0.000828615	0.000276205	0.003038254	0.002485844	0.00165723	0.001519127	0.000276205
Others	B.1.1	0	0.002901915	0.000870575	0.002611724	0.00377249	0.002031341	0	0	0.004062681	0.002901915	0.002611724	0.001741149	0.004933256	0.002611724	0.004933256	0	0.004062681	0.000580383	0	0.004062681	0.000870575	0.001450958	0.001741149	0	0.000290192	0	0.004933256	0.000580383	0.000290192	0.002611724	0.001450958	0.002321532	0.001741149	0
Others	B.1.2	0	0.003774681	0.00203252	0.003193961	0.004065041	0.00174216	0	0	0.00174216	0.003193961	0.003193961	0.00087108	0.007839721	0.0014518	0.0029036	0.00029036	0.005226481	0.00087108	0.00029036	0.00232288	0.00058072	0.0029036	0.00058072	0	0.0014518	0	0.006968641	0.00087108	0	0.00174216	0.004936121	0.00174216	0.00203252	0
Others	B.1.177	0.000286944	0.003156385	0.000860832	0.003156385	0.003443329	0.00143472	0.000286944	0	0.003443329	0.003156385	0.004878049	0.003156385	0.006025825	0.002295552	0.00286944	0.000573888	0.004878049	0	0	0.004017217	0.000573888	0.000286944	0.001721664	0	0.000860832	0.000286944	0.00286944	0.001147776	0	0.000860832	0.002582496	0.001721664	0.001721664	0.000573888
Others	B.1.429	0	0.003236246	0.001618123	0.003236246	0.002427184	0.000809061	0	0	0.001618123	0.002427184	0.00566343	0	0.006472492	0.002427184	0.001618123	0	0.001618123	0	0	0.007281553	0.000809061	0	0.002427184	0	0.000809061	0	0.003236246	0	0	0.000809061	0.003236246	0	0.002427184	0
Others	B.1.351	0	0.005847953	0.002923977	0	0.005847953	0	0	0	0.00877193	0.002923977	0.002923977	0	0.002923977	0.002923977	0.002923977	0	0.00877193	0	0	0	0	0	0.005847953	0	0	0	0.005847953	0.002923977	0	0	0.011695906	0	0	0
Others	B.1.1.7	0.000136419	0.004956573	0.000909463	0.00245555	0.003092174	0.001091356	4.55E-05	9.09E-05	0.003137647	0.001455141	0.003501432	0.00086399	0.007684962	0.002910281	0.001318721	0.000181893	0.006320768	0.000363785	0.000136419	0.004274476	0.001773453	0.001364194	0.001000409	9.09E-05	0.000818517	0.000181893	0.004820154	0.000454731	4.55E-05	0.002091765	0.003592379	0.002819335	0.002091765	0.000227366
Others	B.1.526	0	0.000649351	0.000649351	0.001948052	0.002597403	0.002597403	0	0	0.002597403	0.004545455	0.004545455	0.001948052	0.005844156	0.001948052	0.003896104	0	0.009090909	0.000649351	0	0.003896104	0.001298701	0.001298701	0.001948052	0	0	0	0.002597403	0.000649351	0	0.003246753	0.004545455	0.003246753	0.000649351	0
Others	P.1	0	0.004149378	0.001037344	0	0.002074689	0.003112033	0.001037344	0	0.006224066	0.003112033	0.003112033	0.002074689	0.010373444	0	0	0	0.010373444	0.001037344	0	0.004149378	0.002074689	0.001037344	0	0	0.001037344	0	0.007261411	0	0	0.010373444	0.007261411	0	0	0.001037344
Delta	AY.26	0	0.003589375	0.000717875	0.0028715	0.004307251	0.002153625	0	0	0.004307251	0.00143575	0.006460876	0.00143575	0.006460876	0.004307251	0.003589375	0.000717875	0.004307251	0	0	0.007178751	0	0.000717875	0.004307251	0	0.000717875	0	0.000717875	0	0	0.000717875	0.002153625	0	0.00143575	0
Delta	AY.5	0.00051573	0.004125838	0	0.00103146	0.002578649	0.003094379	0	0	0.002062919	0.001547189	0.003094379	0.002578649	0.006704487	0.003094379	0.004641568	0	0.004641568	0.00103146	0.00051573	0.007735946	0.00051573	0.00103146	0.001547189	0	0	0.00051573	0.003610108	0	0	0.002578649	0.002062919	0	0	0
Delta	AY.4	0.000120312	0.002376154	0.000391013	0.00186483	0.003278491	0.001173038	0	9.02E-05	0.002676933	0.002015219	0.003338647	0.001473817	0.005203477	0.001985142	0.004571841	0	0.006316359	0.000451169	0.000120312	0.004842542	0.001473817	0.001233194	0.001744518	3.01E-05	0.00072187	9.02E-05	0.003398803	0.000330857	6.02E-05	0.002466388	0.001473817	9.02E-05	0.000661714	0.000120312
Delta	AY.122	0	0.002814019	0.00051164	0.002046559	0.003837299	0.00102328	0	0	0.003325659	0.00102328	0.003837299	0.001534919	0.004348938	0.002302379	0.005372218	0	0.004093118	0.00051164	0.00025582	0.006651317	0.0012791	0.00076746	0.00076746	0.00025582	0.00025582	0	0.003837299	0	0.00025582	0.002046559	0.002046559	0	0.00051164	0.00025582
Delta	AY.98	0	0.002354049	0	0.003766478	0.004237288	0	0	0	0.003766478	0.002354049	0.003295669	0.00047081	0.005649718	0.001883239	0.002354049	0.00047081	0.008474576	0.00047081	0	0.004237288	0.002354049	0.00094162	0.002354049	0	0.00047081	0	0.001883239	0.001412429	0	0.003295669	0.00094162	0	0	0
Delta	AY.44	0	0.003933254	0.000238379	0.002026222	0.003694875	0.000595948	0	0	0.002026222	0.002264601	0.005125149	0.00250298	0.005721097	0.00238379	0.004171633	0	0.005363528	0.000834327	0	0.005363528	0.001311085	0.000834327	0.001668653	0.000238379	0.000476758	0	0.002741359	0.000238379	0	0.001430274	0.001907032	0.00011919	0.000834327	0
Delta	AY.47	0	0.00077821	0	0.003891051	0.00233463	0	0	0	0.004669261	0.00077821	0.005447471	0	0.00311284	0.005447471	0.00311284	0	0.00077821	0.00233463	0.00077821	0.007003891	0	0	0.00233463	0	0	0	0.00311284	0.00077821	0	0.00233463	0.00155642	0	0	0
Delta	AY.25	0.000288475	0.003173229	0.000144238	0.002740516	0.002596279	0.001442377	0	0.000288475	0.002452041	0.001442377	0.004759844	0.001586615	0.006057984	0.003173229	0.00504832	0	0.005336795	0	0.000144238	0.00504832	0.002163566	0.001298139	0.001009664	0	0.000288475	0	0.002884754	0.000432713	0.000144238	0.001298139	0.00187509	0.000144238	0.001009664	0.000288475
Delta	AY.3	0.000160205	0.002082666	0.000160205	0.002403076	0.003684716	0.001121435	0	0.000160205	0.002403076	0.001922461	0.004005127	0.001602051	0.003844921	0.002563281	0.002242871	0.000160205	0.004485742	0.000480615	0	0.005927587	0.002563281	0.00128164	0.002403076	0.000160205	0.00032041	0.00032041	0.002883691	0	0.00032041	0.001922461	0.002403076	0.000160205	0.00064082	0.000160205
Delta	AY.43	0.000195733	0.003131728	0.000782932	0.002348796	0.003327461	0.000782932	0	0	0.00195733	0.001174398	0.002348796	0.001370131	0.005871991	0.003718927	0.004306126	0.000391466	0.008025054	0.000587199	0.000391466	0.005480525	0.001565864	0.001370131	0.000978665	0	0.000978665	0.000195733	0.003523194	0	0	0.002740262	0.000978665	0.000195733	0.000391466	0
Delta	AY.39	0	0.0018596	0.0004649	0.0009298	0.0037192	0.0004649	0	0	0.0027894	0.0032543	0.0037192	0.0004649	0.004649	0.0018596	0.005578801	0	0.005578801	0	0.0004649	0.004649	0.0027894	0.0009298	0.0037192	0	0.0004649	0	0.0032543	0	0	0.0037192	0.0013947	0	0.0009298	0.0004649
Delta	AY.103	0.000286232	0.003625608	0.000286232	0.002289858	0.003434787	0.000477054	0	0.000190821	0.00257609	0.001144929	0.004484305	0.001621983	0.005056769	0.002289858	0.004198073	0	0.00515218	0.000763286	9.54E-05	0.004293483	0.000858697	0.000572464	0.00257609	0.000190821	0.000381643	9.54E-05	0.003243965	0.000381643	0	0.002862322	0.001717393	0	0.000858697	0
Delta	AY.100	0	0.003442341	0	0.00172117	0.00172117	0.00172117	0	0.000344234	0.003442341	0.003442341	0.002753873	0.001376936	0.003786575	0.002753873	0.005851979	0	0.007228916	0	0	0.003442341	0.001032702	0.001032702	0.003098107	0	0	0	0.004819277	0	0	0.002065404	0.000344234	0	0.001032702	0.000344234
BAA	BA.1	0.000536769	0.005725532	0.000357846	0.001610306	0.00125246	0.003936303	0	0.007156915	0.006262301	0.000178923	0	0.000715692	0.001789229	0.000715692	0.000178923	0.000178923	0.000894614	0	0.001968152	0	0.00125246	0.002862766	0.000715692	0.000357846	0.002862766	0.003936303	0.003041689	0.00125246	0.000894614	0.004473072	0.001789229	0.004473072	0.003578458	0.000715692
BAA	BA.1.17	0	0.005376344	0.005376344	0.005376344	0.001792115	0.003584229	0	0.001792115	0.007168459	0	0	0	0.001792115	0.003584229	0.001792115	0	0	0	0	0	0	0.001792115	0.001792115	0	0	0.003584229	0.008960573	0.001792115	0.005376344	0.008960573	0.001792115	0.005376344	0.003584229	0
BAA	BA.1.18	0	0.004702194	0.001567398	0.006269592	0	0.001567398	0	0.014106583	0.010971787	0.001567398	0	0.001567398	0.003134796	0.001567398	0	0	0	0	0.009404389	0	0.001567398	0.001567398	0	0	0	0.003134796	0.004702194	0	0	0.004702194	0.004702194	0.004702194	0	0.001567398
BAA	BA.1.20	0	0.004535147	0	0.002267574	0	0.002267574	0	0.013605442	0.004535147	0	0	0	0	0	0	0	0.002267574	0	0	0	0	0.002267574	0.006802721	0	0.009070295	0.004535147	0	0	0	0.009070295	0	0.004535147	0.004535147	0
BAA	BA.1.15	0.000491884	0.005410723	0.000983768	0.00245942	0.001475652	0.003935071	0	0.007378259	0.003935071	0.000983768	0	0	0.000491884	0.00245942	0.000491884	0	0.000491884	0	0.000491884	0	0.001475652	0.002951303	0	0.006394491	0.001967536	0.008362027	0.004426955	0.003443187	0.000983768	0.00245942	0.003935071	0.004426955	0.00245942	0.001475652
BAA	BA.1.1.18	0.004136505	0.008273009	0.002068252	0.001034126	0.001034126	0.002068252	0.003102378	0.003102378	0.002068252	0	0	0	0.001034126	0.001034126	0	0	0	0	0.002068252	0	0.002068252	0.001034126	0.001034126	0	0.003102378	0.001034126	0.001034126	0.002068252	0.002068252	0.001034126	0.002068252	0.005170631	0.002068252	0.001034126
BAA	BA.1.17.2	0	0.00606878	0.001348618	0.003708699	0.002022927	0.003371544	0	0.00303439	0.010114633	0	0	0.000337154	0.001011463	0	0.000674309	0	0.001348618	0	0.001011463	0.000337154	0.00303439	0.001685772	0.001685772	0	0.000337154	0.003708699	0.003371544	0.001011463	0.009777478	0.005731625	0.003371544	0.005731625	0.00303439	0.000674309
BAA	BA.1.1	0.00037696	0.006031363	0.000980097	0.002035585	0.001206273	0.002186369	7.54E-05	0.006559107	0.00331725	0.000226176	0	7.54E-05	0.000603136	0.001206273	7.54E-05	0	0.000904704	0.000150784	0.000678528	0.00037696	0.001130881	0.000829312	0.00075392	0.000301568	0.00075392	0.001130881	0.002638721	0.002638721	0.000678528	0.002487937	0.001507841	0.003769602	0.003844994	0.001507841
BAA	BA.1.15.1	0	0.004920049	0.001230012	0	0.002460025	0.001230012	0	0.001230012	0.006150062	0	0	0	0.001230012	0.002460025	0	0	0	0	0.001230012	0.001230012	0.002460025	0.001230012	0	0	0	0.001230012	0.002460025	0.002460025	0.001230012	0.004920049	0.004920049	0.004920049	0.007380074	0.004920049
BAA	BA.1.1.1	0	0.003960396	0	0.003960396	0.001980198	0.003960396	0	0.007920792	0.003960396	0	0	0.001980198	0	0	0	0	0.003960396	0	0	0	0	0.007920792	0	0	0	0	0	0	0	0.001980198	0.001980198	0.001980198	0.003960396	0.001980198
BAB	BA.2.10	0	0.008695652	0	0.003478261	0	0.005217391	0	0.00173913	0.00173913	0	0.003478261	0.003478261	0.003478261	0.003478261	0	0	0.00173913	0.005217391	0	0.003478261	0.00173913	0.00173913	0.00173913	0	0.00173913	0	0.003478261	0	0	0.00173913	0.00173913	0.003478261	0	0.00173913
BAB	BA.2.3	0	0	0.004194631	0	0.003355705	0	0	0	0.000838926	0	0.002516779	0	0.006711409	0.002516779	0	0	0	0.000838926	0	0.004194631	0.001677852	0.000838926	0.000838926	0	0	0	0.001677852	0.003355705	0.001677852	0.001677852	0.000838926	0	0.000838926	0
BAB	BA.2.9	0	0.004373757	0.002385686	0.001590457	0.001590457	0.001988072	0	0	0.003180915	0.000795229	0.003180915	0	0.004373757	0.0027833	0.000397614	0	0.001192843	0.000397614	0.000397614	0.001590457	0.001192843	0.000397614	0.001988072	0	0.000795229	0	0.001988072	0.001988072	0.000397614	0.000397614	0.000795229	0.000795229	0	0
BAB	BA.2	0.000415973	0.002376991	0.001010221	0.001069646	0.001723318	0.001604469	0	5.94E-05	0.002555265	0.000237699	0.002852389	0.000594248	0.005645353	0.004575707	0.001129071	0.00011885	0.001485619	0	0.000475398	0.002198716	0.001961017	0.000594248	0.00136677	0.00011885	0.000534823	0.000237699	0.002020442	0.000713097	0.000356549	0.001782743	0.001010221	0.001010221	0.000297124	0.00011885
BAB	BA.2.12.1	0.000195925	0.002938871	0.001567398	0.001175549	0.001567398	0.001567398	0	0	0.00411442	0.001371473	0.003526646	0.000783699	0.003134796	0.004898119	0.001371473	0.000195925	0.002742947	0.000195925	0.000195925	0.001959248	0.001959248	0.000783699	0.003330721	0	0.00039185	0	0.002351097	0.001763323	0.000195925	0.003134796	0.002155172	0.000783699	0.00039185	0.00039185
BAC	BA.4	0	0.003623188	0	0.001207729	0.002415459	0.002415459	0	0	0.007246377	0	0.006038647	0.001207729	0	0.001207729	0.002415459	0	0.003623188	0	0	0.002415459	0.002415459	0	0.002415459	0	0	0	0.004830918	0.001207729	0	0.001207729	0.002415459	0.003623188	0.002415459	0
BAC	BA.4.1	0	0	0.001838235	0	0.001838235	0.000919118	0	0	0.000919118	0.001838235	0.009191176	0	0.001838235	0.003676471	0	0.000919118	0.001838235	0	0.000919118	0.000919118	0.001838235	0	0.002757353	0	0	0	0.001838235	0.004595588	0	0.002757353	0.003676471	0	0	0
BAC	BA.5	0	0.001680672	0	0.001680672	0	0.001680672	0	0	0.001680672	0	0.003361345	0	0.003361345	0	0	0	0	0.001680672	0	0.003361345	0.005042017	0.001680672	0.006722689	0	0	0	0.001680672	0.001680672	0	0.006722689	0.001680672	0.001680672	0	0
BAC	BA.5.1	0	0.003090394	0.001545197	0.003090394	0.002317796	0.001287664	0	0	0.003347927	0.000257533	0.006180788	0.000772599	0.00180273	0.002575328	0.001030131	0.000257533	0.002575328	0.000772599	0.000257533	0.001287664	0.001287664	0.001287664	0.001030131	0	0.00180273	0	0.002575328	0.002060263	0	0.003090394	0.002575328	0.002317796	0.000772599	0.000515066
BAC	BA.5.5	0	0.000747384	0.001494768	0.002242152	0.001494768	0.002242152	0	0	0.000747384	0	0.005979073	0	0.000747384	0.003736921	0	0	0.000747384	0	0	0	0	0.002242152	0.004484305	0	0	0	0.001494768	0.000747384	0	0.001494768	0.003736921	0.000747384	0.000747384	0
BAC	BE.1	0	0.001086957	0.002173913	0	0	0	0	0.001086957	0	0	0.00326087	0.004347826	0	0	0	0.00326087	0.00326087	0.001086957	0.001086957	0	0.004347826	0	0	0	0.001086957	0	0.00326087	0.002173913	0	0.00326087	0.002173913	0.002173913	0	0
BAC	BA.5.6	0	0.002344666	0	0.003516999	0	0.003516999	0	0	0.003516999	0	0.007033998	0	0	0.007033998	0.001172333	0	0.003516999	0	0	0.001172333	0.002344666	0.001172333	0	0.001172333	0	0	0.002344666	0.003516999	0	0.002344666	0.004689332	0.002344666	0.001172333	0
BAC	BA.5.2.1	0	0.003327787	0.000475398	0.002852389	0.002852389	0.001663894	0	0.000237699	0.002376991	0.000237699	0.00522938	0.000950796	0.001188495	0.00261469	0.001426194	0.000713097	0.003327787	0.000950796	0.000237699	0.001426194	0.001426194	0.000475398	0.001188495	0	0.000237699	0	0.004040884	0.001663894	0	0.000950796	0.001663894	0.00261469	0.001188495	0
BAC	BA.5.2	0	0.003151862	0.000859599	0.001432665	0.003151862	0.000859599	0	0	0.004011461	0.000573066	0.00773639	0.001146132	0.002005731	0.002005731	0.001719198	0.000286533	0.002578797	0	0.000286533	0.001432665	0.000859599	0.001146132	0.001719198	0	0.000286533	0	0.003151862	0.002292264	0	0.003151862	0.003151862	0.002292264	0.001432665	0.001146132
BAC	BA.4.6	0	0.002754821	0	0.000918274	0.000918274	0.001836547	0	0	0.004591368	0	0.006427916	0.000918274	0.001836547	0.002754821	0.000918274	0	0.001836547	0	0.000918274	0	0.000918274	0	0.001836547	0	0	0	0.001836547	0.001836547	0.000918274	0.002754821	0.002754821	0	0.000918274	0
