Mut	142S	146Y	147I	153I	157L	164K	16F	176F	177V	181V	189F	193L	19P	20I	216F	21I	221L	22I	240I	242H	243S	245Y	254F	255F	256L	274I	27V	299I	30H	49Y	54F	64R	68T	69Y	75V	80Y	84I	98F
B.1	0.00110482	0.001795332	0	0.003728767	0.001242922	0	0.000828615	0.005385996	0.000276205	0.004143074	0.000276205	0.000276205	0	0.003176357	0.002347742	0.001381025	0.002900152	0.003314459	0.002623947	0.000138102	0.00165723	0.004143074	0.004833587	0.003590664	0.00110482	0.000690512	0.001933435	0.001795332	0.009943378	0.006628919	0.006076509	0.000414307	0.00110482	0.002071537	0.004419279	0.002347742	0.000276205	0.006767021
B.1.1	0.000290192	0.004062681	0	0.004643064	0.000870575	0	0.000870575	0.003482298	0.000290192	0.002901915	0.000290192	0.000870575	0	0.001450958	0.002611724	0.004643064	0.004352873	0.003192107	0.000870575	0	0.001160766	0.00377249	0.004352873	0.003482298	0.002901915	0.000580383	0.003482298	0.000580383	0	0.006674405	0.003482298	0	0.001160766	0.003482298	0.001450958	0.004062681	0.000290192	0.004352873
B.1.2	0.00029036	0.00261324	0	0.00261324	0.00087108	0	0.00203252	0.004936121	0	0.00203252	0.00087108	0.00058072	0	0.004065041	0.00232288	0.00232288	0.004355401	0.003484321	0.0014518	0	0.00203252	0.00261324	0.006387921	0.003774681	0.00029036	0	0.00232288	0.0014518	0.003193961	0.004936121	0.006678281	0.00087108	0.0014518	0.0029036	0.00174216	0.0029036	0.00058072	0.007259001
B.1.177	0.000573888	0.003443329	0.000286944	0.004878049	0.001721664	0	0.000860832	0.003156385	0	0.005451937	0.000860832	0.001147776	0	0.00286944	0.002008608	0.000573888	0.00143472	0.006312769	0.001147776	0	0.002008608	0.004591105	0.004017217	0.005164993	0.004017217	0.001147776	0.001721664	0.002582496	0	0.003730273	0.003156385	0.000286944	0.000286944	0.004017217	0.003730273	0.004304161	0.000286944	0.009469154
B.1.429	0.000809061	0	0	0.003236246	0.001618123	0	0.000809061	0.004854369	0	0.004045307	0	0	0	0.00566343	0.001618123	0.004854369	0.003236246	0.004045307	0.00566343	0	0.006472492	0.004854369	0.002427184	0.004045307	0.001618123	0.001618123	0.002427184	0.003236246	0	0.004854369	0.004045307	0.000809061	0.001618123	0.006472492	0.003236246	0.004045307	0.000809061	0.011326861
B.1.351	0	0.002923977	0	0.002923977	0	0	0	0.002923977	0.002923977	0	0	0	0	0	0	0.005847953	0	0.002923977	0	0.014619883	0	0.002923977	0.005847953	0.005847953	0	0	0.002923977	0	0	0.005847953	0.002923977	0	0	0	0.005847953	0	0	0.011695906
B.1.1.7	0	0.000227366	0.000181893	0.003546906	0.001227775	4.55E-05	0.001818926	0.004547315	9.09E-05	0.005047519	0.000181893	0.001818926	0	0.00418353	0.00245555	0.00159156	0.005138466	0.005183939	0.003092174	0	0.002682916	0.003910691	0.004638261	0.003501432	0.002728389	0.000954936	0.002228184	0.002273657	0.000227366	0.004956573	0.002910281	0.000363785	0	0.000318312	0.003046701	0.002591969	0.000181893	0.007684962
B.1.526	0.001298701	0.001948052	0.000649351	0.001948052	0.001298701	0	0.002597403	0.001948052	0.000649351	0.004545455	0	0.001298701	0	0.001948052	0.001948052	0.003246753	0.003896104	0.007142857	0.003896104	0.000649351	0.002597403	0.001298701	0.011038961	0.003246753	0.003246753	0	0.002597403	0.000649351	0	0.004545455	0.005194805	0.001948052	0.000649351	0.004545455	0.003896104	0.003246753	0	0.011038961
P.1	0	0.003112033	0	0.004149378	0	0	0	0.005186722	0.001037344	0.006224066	0.001037344	0	0	0	0.006224066	0.006224066	0	0.003112033	0.001037344	0	0.001037344	0.002074689	0.005186722	0.005186722	0.001037344	0	0.001037344	0.003112033	0	0.002074689	0.005186722	0	0	0.001037344	0.006224066	0.005186722	0.001037344	0.001037344
AY.26	0	0.0028715	0	0.005743001	0	0	0.004307251	0.00143575	0.00143575	0.00143575	0	0.0028715	0	0.004307251	0.002153625	0.002153625	0.00143575	0.002153625	0	0	0.00143575	0.003589375	0.000717875	0.002153625	0.00143575	0.005743001	0.002153625	0.00143575	0	0.000717875	0.004307251	0.000717875	0.000717875	0.007178751	0.004307251	0.003589375	0.000717875	0.004307251
AY.5	0.00051573	0.002062919	0	0.005157298	0	0	0.002578649	0.002062919	0.00051573	0.004641568	0	0.001547189	0	0.002578649	0.001547189	0.002062919	0.004641568	0.002578649	0.00103146	0	0.001547189	0.003094379	0.004641568	0.003094379	0.00103146	0.004641568	0.002062919	0	0.00051573	0.003610108	0.005157298	0.00051573	0.002062919	0.002062919	0.003610108	0.004641568	0	0.005157298
AY.4	0.000270701	0.0025867	6.02E-05	0.00430114	0	3.01E-05	0.001985142	0.001533973	0.000180467	0.004601919	0.00015039	0.001624207	0	0.002676933	0.001744518	0.002466388	0.004692153	0.003639426	0.001383583	0	0.001533973	0.002737089	0.002526544	0.003248413	0.001654285	0.001233194	0.00186483	0.001564051	0.001924986	0.002496466	0.004601919	6.02E-05	0.000751948	0.003037868	0.003428881	0.001955064	0.000631636	0.00372966
AY.122	0.00025582	0.002558199	0	0.006395498	0	0.00025582	0.002558199	0.0012791	0.00025582	0.005116398	0	0.002046559	0	0.002814019	0.00102328	0.003069839	0.005372218	0.005883858	0.002302379	0	0.0012791	0.003837299	0.002814019	0.003325659	0.002046559	0.001790739	0.00076746	0.00051164	0.006139678	0.003581479	0.004860578	0.00025582	0.00025582	0.002302379	0.003069839	0.00102328	0.00076746	0.005883858
AY.98	0.00047081	0.002824859	0.00047081	0.006591337	0	0	0.002824859	0.001412429	0.00094162	0.005649718	0.00047081	0.002824859	0	0.002824859	0.002354049	0.003295669	0.005178908	0.002824859	0	0	0.00047081	0.004708098	0.004237288	0.003766478	0.002824859	0.00047081	0.003295669	0.001883239	0.00047081	0.002824859	0.00094162	0.00047081	0.00047081	0.003766478	0.003766478	0.003295669	0	0.006591337
AY.44	0.00011919	0.004290822	0.00011919	0.00476758	0	0	0.003337306	0.002741359	0.000834327	0.006436234	0.00011919	0.002026222	0.00011919	0.002860548	0.002026222	0.001907032	0.003337306	0.002741359	0.001668653	0	0.001430274	0.002622169	0.003575685	0.003337306	0.001787843	0.002026222	0.001787843	0.002622169	0.000238379	0.001787843	0.003456496	0.00011919	0.001430274	0.003694875	0.003218117	0.002622169	0.000357569	0.003098927
AY.47	0	0.00311284	0	0.007003891	0	0	0.00155642	0.00233463	0	0.003891051	0	0.00155642	0	0.00155642	0.00233463	0.00233463	0.00155642	0.00233463	0.00077821	0	0.00077821	0.003891051	0.003891051	0	0.00077821	0.00233463	0.003891051	0.00233463	0	0.00311284	0.003891051	0	0.00077821	0.00077821	0.006225681	0.00077821	0	0.007782101
AY.25	0.000576951	0.00187509	0	0.005192557	0	0	0.001586615	0.003894418	0.000432713	0.005192557	0.000288475	0.001153902	0.000144238	0.002740516	0.002163566	0.001298139	0.004615607	0.00375018	0.00187509	0	0.001730852	0.002163566	0.004182893	0.002740516	0.001586615	0.001009664	0.00187509	0.002884754	0.000721189	0.003605943	0.00375018	0.000144238	0.001009664	0.002740516	0.003028992	0.000721189	0.000288475	0.003605943
AY.3	0.000160205	0.003204101	0	0.004005127	0	0	0.001762256	0.001922461	0.00032041	0.003684716	0.000160205	0.001441846	0.000160205	0.002082666	0.001762256	0.002403076	0.007209228	0.003524511	0.003043896	0	0.00064082	0.002563281	0.004485742	0.003684716	0.002242871	0.002563281	0.002242871	0.002563281	0.00128164	0.003844921	0.004485742	0.000160205	0.00064082	0.004485742	0.004165332	0.00128164	0.00128164	0.004645947
AY.43	0	0.003718927	0.000195733	0.002544529	0	0	0.003523194	0.001174398	0.000391466	0.005089059	0.000195733	0.002153063	0	0.001761597	0.002740262	0.003131728	0.006654923	0.003327461	0.003327461	0	0.001174398	0.002153063	0.004306126	0.004306126	0.002935995	0.00195733	0.002740262	0.002348796	0.005480525	0.003523194	0.002153063	0.000195733	0.000391466	0.004110393	0.005871991	0.003327461	0	0.005676258
AY.39	0	0.0013947	0	0.004649	0	0	0.0013947	0.0013947	0	0.0027894	0	0.0009298	0	0.0032543	0.005113901	0.0027894	0.0041841	0.0032543	0.0023245	0	0.0013947	0.0027894	0.0009298	0.005113901	0.0004649	0.0013947	0.0023245	0.0023245	0.0004649	0.006043701	0.005113901	0.0004649	0.0004649	0.0018596	0.0023245	0.0018596	0	0.0041841
AY.103	0	0.002385269	0	0.004198073	0	0	0.002003626	0.002194447	0.000477054	0.00381643	0.000381643	0.000954107	0	0.004198073	0.002671501	0.002385269	0.006869574	0.003721019	0.001621983	0	0.000667875	0.004198073	0.003721019	0.00391184	0.002289858	0.002671501	0.001908215	0.002003626	0.000477054	0.002671501	0.003148555	0.000190821	0.001049518	0.003053144	0.003148555	0.002957733	0.000381643	0.004388894
AY.100	0	0.002409639	0	0.004130809	0	0	0.001032702	0.001376936	0.000344234	0.002409639	0	0.00172117	0	0.003786575	0.001376936	0.00172117	0.003442341	0.00172117	0.00172117	0	0.001032702	0.001376936	0.006540448	0.003098107	0.00172117	0.002409639	0.00172117	0.001032702	0.000688468	0.005163511	0.004475043	0.000344234	0.000688468	0.002065404	0.004130809	0.00172117	0.000688468	0.003442341
BA.1	0.002325997	0	0	0.000178923	0.000536769	0	0.001073537	0.000715692	0.001073537	0.000894614	0.000357846	0.004651995	0	0.004115226	0	0.00125246	0.004473072	0.005546609	0.00250492	0	0.002325997	0.003936303	0.005725532	0.005367687	0.003041689	0	0.003578458	0.003578458	0.000357846	0.004294149	0.001789229	0.000715692	0	0	0.001610306	0.002325997	0.001968152	0.007335838
BA.1.17	0	0	0	0.001792115	0	0	0	0	0	0	0	0.001792115	0	0.008960573	0	0.001792115	0.001792115	0.001792115	0.003584229	0	0.001792115	0.007168459	0.003584229	0.007168459	0.001792115	0.001792115	0	0.005376344	0	0.003584229	0	0	0	0	0.001792115	0.005376344	0.003584229	0.003584229
BA.1.18	0	0	0	0.003134796	0.031347962	0	0	0.001567398	0	0.001567398	0.05015674	0.007836991	0	0.004702194	0	0.001567398	0.006269592	0	0.001567398	0	0.007836991	0.003134796	0.010971787	0.004702194	0.001567398	0	0	0.010971787	0	0.003134796	0.001567398	0.001567398	0	0	0.003134796	0.003134796	0.001567398	0.006269592
BA.1.20	0.002267574	0	0	0	0	0	0.002267574	0	0	0.002267574	0	0	0	0.002267574	0	0.002267574	0.01814059	0.006802721	0.004535147	0	0	0.004535147	0.009070295	0.002267574	0.006802721	0	0	0	0	0.009070295	0.006802721	0.002267574	0	0	0.002267574	0	0	0.006802721
BA.1.15	0.003935071	0	0	0.000983768	0.000491884	0	0.000983768	0.001967536	0	0.001475652	0	0.000983768	0	0.003443187	0	0.000983768	0.004426955	0.006394491	0.00245942	0	0.001475652	0.002951303	0.000491884	0.004426955	0.006394491	0	0.004918839	0.005410723	0	0.004918839	0.003935071	0.000491884	0	0	0.004918839	0.002951303	0.001967536	0.003935071
BA.1.1.18	0.007238883	0.001034126	0	0	0	0	0.001034126	0.002068252	0	0.001034126	0	0.003102378	0	0.005170631	0	0	0.005170631	0.003102378	0.004136505	0	0.002068252	0.004136505	0.012409514	0.003102378	0.006204757	0	0.006204757	0.006204757	0	0.005170631	0.002068252	0	0	0	0.006204757	0.006204757	0.004136505	0.003102378
BA.1.17.2	0.000337154	0	0	0	0.000337154	0	0.001348618	0	0.000337154	0.000337154	0	0.001685772	0	0.004045853	0	0.000674309	0.005394471	0.006405934	0.002697235	0	0.000337154	0.004045853	0.00303439	0.005394471	0.002360081	0	0.002360081	0.003708699	0	0.004383007	0.002360081	0	0	0	0.00303439	0.002022927	0.001348618	0.006405934
BA.1.1	0.002487937	0.000301568	0	0.00037696	0.000452352	0	0.00075392	0.001357057	0.008670084	0.000603136	0.000904704	0.003844994	0	0.002412545	0	0.001432449	0.004598914	0.006709891	0.003468034	0	0.001583233	0.004900483	0.004749698	0.005428227	0.00369421	0.000301568	0.002186369	0.00482509	7.54E-05	0.005051267	0.00294029	0.000226176	0	0	0.003091074	0.002110977	0.001357057	0.006709891
BA.1.15.1	0	0	0	0.001230012	0	0	0.001230012	0.003690037	0	0.001230012	0	0.002460025	0	0.002460025	0	0	0.001230012	0.007380074	0.003690037	0	0.003690037	0.007380074	0.004920049	0.001230012	0.001230012	0	0.006150062	0.003690037	0	0.004920049	0.001230012	0	0	0	0.006150062	0	0.003690037	0.003690037
BA.1.1.1	0	0	0	0	0	0	0.001980198	0.011881188	0	0	0.001980198	0.011881188	0	0.001980198	0	0.001980198	0.007920792	0.005940594	0	0	0.001980198	0.001980198	0.003960396	0.001980198	0.001980198	0	0	0.007920792	0	0.001980198	0.001980198	0	0	0	0.001980198	0	0	0.011881188
BA.2.10	0	0.006956522	0	0.005217391	0.005217391	0	0	0.013913043	0	0	0	0	0.003478261	0	0.005217391	0	0.00173913	0.00173913	0	0	0	0.003478261	0.003478261	0.010434783	0.00173913	0	0	0.003478261	0	0.006956522	0.003478261	0.005217391	0.003478261	0.003478261	0.00173913	0	0	0.00173913
BA.2.3	0	0.000838926	0.000838926	0.002516779	0.005872483	0	0	0.003355705	0	0.002516779	0	0	0.004194631	0	0.002516779	0	0.000838926	0.000838926	0.001677852	0	0.000838926	0.002516779	0.004194631	0.013422819	0.002516779	0	0	0.000838926	0	0.006711409	0.000838926	0.002516779	0.005033557	0.003355705	0	0.000838926	0.003355705	0.000838926
BA.2.9	0	0.003976143	0	0.001192843	0.006759443	0	0	0.007554672	0.001988072	0.003180915	0	0.000397614	0.003976143	0	0.002385686	0	0.001192843	0.000795229	0.001590457	0	0.000795229	0.004771372	0.003976143	0.012326044	0.003578529	0	0	0.002385686	0	0.003976143	0.003180915	0.004771372	0.001590457	0.003180915	0.003180915	0.000397614	0.001988072	0.002385686
BA.2	0	0.005169955	0.000831947	0.003327787	0.006893273	0.000178274	0.00011885	0.009329689	0.000594248	0.003030663	0.000356549	0.000415973	0.003506061	0.000297124	0.002317566	0.000415973	0.000772522	0.000950796	0.00124792	0	0.000772522	0.00386261	0.003981459	0.007546946	0.003149513	5.94E-05	0	0.001782743	0	0.004219159	0.002376991	0.001901593	0.004872831	0.00249584	0.003149513	0.000534823	0.001545044	0.002911814
BA.2.12.1	0.000195925	0.003918495	0.001175549	0.003526646	0.005289969	0.008032915	0.000195925	0.006661442	0.000195925	0.005289969	0.00039185	0.000979624	0.005094044	0	0.003134796	0.000195925	0.002742947	0.000783699	0.001567398	0	0.001371473	0.007445141	0.003526646	0.009600313	0.00411442	0.00039185	0	0.000979624	0	0.005094044	0.002742947	0.000979624	0.001763323	0.005485893	0.002351097	0.000979624	0.000783699	0.004310345
BA.4	0	0.003623188	0	0.001207729	0.006038647	0	0.001207729	0.003623188	0	0.003623188	0	0.002415459	0.002415459	0	0.002415459	0	0.003623188	0.002415459	0	0	0.001207729	0.008454106	0.007246377	0.010869565	0.004830918	0	0	0.002415459	0	0.004830918	0.002415459	0	0	0	0.003623188	0	0	0.012077295
BA.4.1	0	0.003676471	0.000919118	0.005514706	0.005514706	0	0	0.004595588	0	0.005514706	0	0.003676471	0.001838235	0	0.008272059	0.000919118	0.000919118	0.000919118	0.000919118	0	0.000919118	0.000919118	0.005514706	0.006433824	0.003676471	0.000919118	0	0.006433824	0	0.005514706	0.001838235	0	0	0	0.006433824	0.001838235	0.000919118	0.003676471
BA.5	0	0.003361345	0.008403361	0.003361345	0.008403361	0	0	0.003361345	0	0.003361345	0.001680672	0.003361345	0	0	0.001680672	0.001680672	0.001680672	0.003361345	0.001680672	0	0	0.008403361	0.010084034	0.010084034	0.005042017	0	0	0.003361345	0	0.005042017	0	0	0	0	0.005042017	0.003361345	0.001680672	0.003361345
BA.5.1	0	0.003862993	0.000515066	0.002575328	0.004120525	0	0.001030131	0.00540819	0.000257533	0.006953387	0.000257533	0.002832861	0.004893124	0	0.003090394	0.000515066	0.003862993	0.003862993	0.004120525	0	0.000772599	0.00540819	0.005150657	0.00540819	0.004120525	0	0	0.00540819	0	0.002832861	0.001545197	0.000515066	0	0	0.003862993	0.001545197	0.000515066	0.006953387
BA.5.5	0	0.003736921	0.000747384	0.005231689	0.006726457	0	0	0.006726457	0	0.006726457	0.000747384	0	0.003736921	0	0.002242152	0.000747384	0.001494768	0.001494768	0.007473842	0	0	0.004484305	0.002989537	0.010463378	0.001494768	0	0	0.001494768	0	0.001494768	0.002242152	0.000747384	0	0	0.001494768	0	0.000747384	0.005979073
BE.1	0	0.007608696	0.001086957	0.001086957	0.004347826	0	0	0.004347826	0	0.005434783	0	0.004347826	0.004347826	0	0.001086957	0	0.002173913	0.002173913	0	0	0.001086957	0.00326087	0.009782609	0.005434783	0.006521739	0.001086957	0	0.001086957	0	0	0.00326087	0.001086957	0	0	0.002173913	0.002173913	0.001086957	0.006521739
BA.5.6	0	0.005861665	0	0.004689332	0.003516999	0	0	0.002344666	0.001172333	0.001172333	0	0.004689332	0.005861665	0	0.001172333	0	0.002344666	0.004689332	0.001172333	0	0.003516999	0.007033998	0.002344666	0.007033998	0.001172333	0	0	0.002344666	0	0.001172333	0.001172333	0.001172333	0	0	0.001172333	0.001172333	0.004689332	0.002344666
BA.5.2.1	0	0.005467079	0.000475398	0.002139292	0.004516282	0	0.000237699	0.005467079	0.000237699	0.00522938	0.000475398	0.002852389	0.003803185	0.000713097	0.004991681	0	0.003327787	0.002376991	0.003327787	0	0.001426194	0.005942477	0.004516282	0.008557167	0.004516282	0	0	0.003565486	0	0.002852389	0.00261469	0.000475398	0	0	0.003565486	0.000950796	0.001901593	0.005704778
BA.5.2	0	0.004011461	0.001432665	0.002578797	0.002292264	0	0.001146132	0.003724928	0.000286533	0.008022923	0.000573066	0.00286533	0.003724928	0.000573066	0.000859599	0.000573066	0.002292264	0.002292264	0.002578797	0	0.000573066	0.008309456	0.004584527	0.008022923	0.00286533	0	0	0.003438395	0	0.005444126	0.001432665	0.000573066	0	0	0.004011461	0.000573066	0.005444126	0.00487106
BA.4.6	0	0.003673095	0.001836547	0.002754821	0.002754821	0.000918274	0	0.004591368	0	0.008264463	0.000918274	0.000918274	0.003673095	0.001836547	0.001836547	0	0	0.002754821	0.000918274	0	0.001836547	0.005509642	0.003673095	0.01010101	0.001836547	0.001836547	0	0.001836547	0	0.001836547	0	0.001836547	0	0	0.003673095	0.000918274	0.002754821	0.007346189
