Mut	B.1	B.1.1	B.1.2	B.1.177	B.1.429	B.1.351	B.1.1.7	B.1.526	P.1	AY.26	AY.5	AY.4	AY.122	AY.98	AY.44	AY.47	AY.25	AY.3	AY.43	AY.39	AY.103	AY.100	BA.1	BA.1.17	BA.1.18	BA.1.20	BA.1.15	BA.1.1.18	BA.1.17.2	BA.1.1	BA.1.15.1	BA.1.1.1	BA.2.10	BA.2.3	BA.2.9	BA.2	BA.2.12.1	BA.4	BA.4.1	BA.5	BA.5.1	BA.5.5	BE.1	BA.5.6	BA.5.2.1	BA.5.2	BA.4.6
10L	0.0334261838440111	0.0434782608695652	0.0324324324324324	0.0336134453781513	0	0	0.0303687635574837	0	0	0	0.0446428571428571	0.0211946050096339	0.0473933649289099	0.0172413793103448	0.0420560747663551	0	0.0316622691292876	0.0362116991643454	0.0283687943262411	0.0347826086956522	0.0260521042084168	0.051948051948052	0.0287958115183246	0	0	0	0.032	0	0.0258620689655172	0.0424128180961357	0	0	0	0	0.025	0.0335289186923722	0.0323529411764706	0	0	0	0.0426829268292683	0	0	0	0.0287081339712919	0.00680272108843537	0
10S	0.0668523676880223	0.0869565217391304	0.0594594594594595	0.134453781512605	0	0	0.0878524945770065	0	0	0	0.0714285714285714	0.0494540783558125	0.033175355450237	0.0517241379310345	0.0397196261682243	0	0.0606860158311346	0.0835654596100279	0.049645390070922	0.0956521739130435	0.0661322645290581	0.0779220779220779	0.0654450261780105	0	0	0	0.08	0	0.0689655172413793	0.058435438265787	0	0	0	0	0.105	0.0754400670578374	0.05	0	0	0	0.0670731707317073	0	0	0	0.0861244019138756	0.0884353741496599	0
20I	0.0139275766016713	0.00543478260869565	0.0108108108108108	0	0	0	0.00867678958785249	0	0	0	0.0267857142857143	0.0263326910725755	0.023696682464455	0.0431034482758621	0.0257009345794393	0	0.0422163588390501	0.0278551532033426	0.0602836879432624	0.0260869565217391	0.0360721442885772	0.0194805194805195	0.0130890052356021	0	0	0	0	0	0.0129310344827586	0.00659754948162111	0	0	0	0	0	0.00922045264040235	0	0	0	0	0	0	0	0	0	0	0
23F	0.0724233983286908	0.0543478260869565	0.0540540540540541	0.0672268907563025	0	0	0.0563991323210412	0	0	0	0.0446428571428571	0.0475272960822094	0.0616113744075829	0.0517241379310345	0.0607476635514019	0	0.0712401055408971	0.0584958217270195	0.0921985815602837	0.0695652173913043	0.0601202404809619	0.0454545454545455	0.0785340314136126	0	0	0	0.112	0	0.0905172413793103	0.0895381715362865	0	0	0	0	0.08	0.0972338642078793	0.0558823529411765	0	0	0	0.0304878048780488	0	0	0	0.0526315789473684	0.0340136054421769	0
24C	0.116991643454039	0.0706521739130435	0.0810810810810811	0.100840336134454	0	0	0.0889370932754881	0	0	0	0.0982142857142857	0.0764290301862556	0.0616113744075829	0.0431034482758621	0.0514018691588785	0	0.0765171503957784	0.0779944289693593	0.0780141843971631	0.0869565217391304	0.0841683366733467	0.0454545454545455	0.107329842931937	0	0	0	0.12	0	0.0948275862068965	0.0829406220546654	0	0	0	0	0.08	0.113998323554065	0.147058823529412	0	0	0	0.109756097560976	0	0	0	0.157894736842105	0.122448979591837	0
28V	0.0557103064066852	0.0869565217391304	0.0648648648648649	0.0336134453781513	0	0	0.0726681127982646	0	0	0	0.0535714285714286	0.0520231213872832	0.0758293838862559	0.0948275862068965	0.0490654205607477	0	0.0554089709762533	0.0724233983286908	0.0425531914893617	0.0869565217391304	0.0701402805611222	0.051948051948052	0.0837696335078534	0	0	0	0.08	0	0.0517241379310345	0.0622054665409991	0	0	0	0	0.08	0.0838222967309304	0.1	0	0	0	0.0731707317073171	0	0	0	0.0717703349282297	0.0612244897959184	0
31Y	0.0306406685236769	0.0434782608695652	0.0540540540540541	0.0504201680672269	0	0	0.0336225596529284	0	0	0	0.0535714285714286	0.0456005138086063	0.037914691943128	0.0517241379310345	0.0514018691588785	0	0.0263852242744063	0.0250696378830084	0.0390070921985816	0.0260869565217391	0.0360721442885772	0.0454545454545455	0.0157068062827225	0	0	0	0.008	0	0.0172413793103448	0.0113100848256362	0	0	0	0	0.01	0.0217937971500419	0.0205882352941176	0	0	0	0.0182926829268293	0	0	0	0.00478468899521531	0.0408163265306122	0
37F	0.0807799442896936	0.0380434782608696	0.0810810810810811	0.0756302521008403	0	0	0.0737527114967462	0	0	0	0.00892857142857143	0.0475272960822094	0.033175355450237	0.0517241379310345	0.0630841121495327	0	0.0448548812664908	0.0501392757660167	0.0354609929078014	0.0608695652173913	0.0440881763527054	0.0714285714285714	0.049738219895288	0	0	0	0.04	0	0.0732758620689655	0.0546654099905749	0	0	0	0	0.06	0.0603520536462699	0.0470588235294118	0	0	0	0.195121951219512	0	0	0	0.138755980861244	0.115646258503401	0
38I	0.0194986072423398	0.016304347826087	0.0378378378378378	0.0168067226890756	0	0	0.0227765726681128	0	0	0	0.00892857142857143	0.0179833012202954	0.023696682464455	0.0344827586206897	0.0233644859813084	0	0.0237467018469657	0.0278551532033426	0.0212765957446809	0.0260869565217391	0.0180360721442886	0.0194805194805195	0.0235602094240838	0	0	0	0.056	0	0.0301724137931035	0.0311027332704995	0	0	0	0	0.035	0.0502933780385583	0.0352941176470588	0	0	0	0.024390243902439	0	0	0	0.0478468899521531	0.0272108843537415	0
8V	0.0278551532033426	0.0923913043478261	0.0486486486486487	0.0840336134453782	0	0	0.0553145336225597	0	0	0	0.0357142857142857	0.039820166987797	0.028436018957346	0.0258620689655172	0.0303738317757009	0	0.029023746701847	0.0334261838440111	0.0283687943262411	0.0173913043478261	0.0380761523046092	0.025974025974026	0.0523560209424084	0	0	0	0.016	0	0.0603448275862069	0.0367577756833176	0	0	0	0	0.02	0.0419111483654652	0.0441176470588235	0	0	0	0.0731707317073171	0	0	0	0.0191387559808612	0.0612244897959184	0
