Mut	B.1	B.1.1	B.1.2	B.1.177	B.1.429	B.1.351	B.1.1.7	B.1.526	P.1	AY.26	AY.5	AY.4	AY.122	AY.98	AY.44	AY.47	AY.25	AY.3	AY.43	AY.39	AY.103	AY.100	BA.1	BA.1.17	BA.1.18	BA.1.20	BA.1.15	BA.1.1.18	BA.1.17.2	BA.1.1	BA.1.15.1	BA.1.1.1	BA.2.10	BA.2.3	BA.2.9	BA.2	BA.2.12.1	BA.4	BA.4.1	BA.5	BA.5.1	BA.5.5	BE.1	BA.5.6	BA.5.2.1	BA.5.2	BA.4.6
142S	0.001104819776274	0.000290191526407429	0.000290360046457607	0.000573888091822095	0.000809061488673139	0	0	0.0012987012987013	0	0	0.000515729757607014	0.000270701115890156	0.000255819902788437	0.000470809792843691	0.000119189511323004	0	0.000576950814943026	0.000160205062479974	0	0	0	0	0.00232599749507962	0	0	0.00226757369614512	0.00393507132316773	0.00723888314374354	0.000337154416722859	0.00248793727382388	0	0	0	0	0	0	0.000195924764890282	0	0	0	0	0	0	0	0	0	0
146Y	0.00179533213644524	0.004062681369704	0.00261324041811847	0.00344332855093257	0	0.00292397660818713	0.000227365740530217	0.00194805194805195	0.00311203319502075	0.00287150035893755	0.00206291903042806	0.00258669955183926	0.00255819902788437	0.00282485875706215	0.00429082240762813	0.00311284046692607	0.00187509014856483	0.00320410124959949	0.00371892738304952	0.00139470013947001	0.00238526858124225	0.00240963855421687	0	0	0	0	0	0.00103412616339193	0	0.000301568154402895	0	0	0.00695652173913044	0.000838926174496644	0.00397614314115308	0.00516995483717613	0.00391849529780564	0.0036231884057971	0.00367647058823529	0.00336134453781513	0.00386299253154777	0.00373692077727952	0.00760869565217391	0.00586166471277843	0.00546707867839315	0.00401146131805158	0.00367309458218549
147I	0	0	0	0.000286944045911047	0	0	0.000181892592424174	0.000649350649350649	0	0	0	6.01558035311457E-05	0	0.000470809792843691	0.000119189511323004	0	0	0	0.000195733020160501	0	0	0	0	0	0	0	0	0	0	0	0	0	0	0.000838926174496644	0	0.000831946755407654	0.00117554858934169	0	0.000919117647058824	0.00840336134453781	0.000515065670873036	0.000747384155455904	0.00108695652173913	0	0.000475398145947231	0.00143266475644699	0.00183654729109275
153I	0.00372876674492473	0.00464306442251886	0.00261324041811847	0.0048780487804878	0.00323624595469256	0.00292397660818713	0.00354690555227138	0.00194805194805195	0.004149377593361	0.00574300071787509	0.00515729757607014	0.00430113995247691	0.00639549756971092	0.00659133709981168	0.00476758045292014	0.00700389105058366	0.00519255733448724	0.00400512656199936	0.00254452926208651	0.00464900046490005	0.00419807270298636	0.00413080895008606	0.000178922884236894	0.0017921146953405	0.00313479623824451	0	0.000983767830791933	0	0	0.000376960193003619	0.001230012300123	0	0.00521739130434783	0.00251677852348993	0.00119284294234592	0.00332778702163062	0.00352664576802508	0.00120772946859903	0.00551470588235294	0.00336134453781513	0.00257532835436518	0.00523168908819133	0.00108695652173913	0.00468933177022274	0.00213929165676254	0.00257879656160458	0.00275482093663912
157L	0.00124292224830824	0.000870574579222287	0.000871080139372822	0.00172166427546628	0.00161812297734628	0	0.00122777499886317	0.0012987012987013	0	0	0	0	0	0	0	0	0	0	0	0	0	0	0.000536768652710682	0	0.0313479623824451	0	0.000491883915395967	0	0.000337154416722859	0.000452352231604343	0	0	0.00521739130434783	0.00587248322147651	0.00675944333996024	0.00689327311623485	0.00528996865203762	0.00603864734299517	0.00551470588235294	0.00840336134453781	0.00412052536698429	0.00672645739910314	0.00434782608695652	0.00351699882766706	0.00451628238649869	0.00229226361031519	0.00275482093663912
164K	0	0	0	0	0	0	4.54731481060434E-05	0	0	0	0	3.00779017655728E-05	0.000255819902788437	0	0	0	0	0	0	0	0	0	0	0	0	0	0	0	0	0	0	0	0	0	0	0.000178274304730212	0.00803291536050157	0	0	0	0	0	0	0	0	0	0.000918273645546373
16F	0.000828614832205496	0.000870574579222287	0.00203252032520325	0.000860832137733142	0.000809061488673139	0	0.00181892592424174	0.0025974025974026	0	0.00430725053840632	0.00257864878803507	0.00198514151652781	0.00255819902788437	0.00282485875706215	0.0033373063170441	0.00155642023346304	0.00158661474109332	0.00176225568727972	0.00352319436288902	0.00139470013947001	0.00200362560824349	0.00103270223752151	0.00107353730542136	0	0	0.00226757369614512	0.000983767830791933	0.00103412616339193	0.00134861766689144	0.000753920386007238	0.001230012300123	0.00198019801980198	0	0	0	0.000118849536486808	0.000195924764890282	0.00120772946859903	0	0	0.00103013134174607	0	0	0	0.000237699072973615	0.00114613180515759	0
176F	0.00538599640933573	0.00348229831688915	0.00493612078977933	0.00315638450502152	0.00485436893203883	0.00292397660818713	0.00454731481060434	0.00194805194805195	0.00518672199170124	0.00143575017946877	0.00206291903042806	0.00153397299004421	0.00127909951394218	0.00141242937853107	0.00274135876042908	0.00233463035019455	0.00389441800086543	0.00192246074975969	0.00117439812096301	0.00139470013947001	0.00219444709474287	0.00137693631669535	0.000715691536947576	0	0.00156739811912226	0	0.00196753566158387	0.00206825232678387	0	0.00135705669481303	0.003690036900369	0.0118811881188119	0.0139130434782609	0.00335570469798658	0.00755467196819085	0.0093296886142144	0.00666144200626959	0.0036231884057971	0.00459558823529412	0.00336134453781513	0.00540818954416688	0.00672645739910314	0.00434782608695652	0.00234466588511137	0.00546707867839315	0.00372492836676218	0.00459136822773186
177V	0.000276204944068499	0.000290191526407429	0	0	0	0.00292397660818713	9.09462962120868E-05	0.000649350649350649	0.00103734439834025	0.00143575017946877	0.000515729757607014	0.000180467410593437	0.000255819902788437	0.000941619585687382	0.000834326579261025	0	0.00043271311120727	0.000320410124959949	0.000391466040321002	0	0.00047705371624845	0.000344234079173838	0.00107353730542136	0	0	0	0	0	0.000337154416722859	0.00867008443908323	0	0	0	0	0.00198807157057654	0.000594247682434039	0.000195924764890282	0	0	0	0.000257532835436518	0	0	0.00117233294255569	0.000237699072973615	0.000286532951289398	0
181V	0.00414307416102748	0.00290191526407429	0.00203252032520325	0.0054519368723099	0.0040453074433657	0	0.00504751943977082	0.00454545454545455	0.00622406639004149	0.00143575017946877	0.00464156781846313	0.00460191897013264	0.00511639805576874	0.00564971751412429	0.00643623361144219	0.00389105058365759	0.00519255733448724	0.00368471643703941	0.00508905852417303	0.00278940027894003	0.0038164297299876	0.00240963855421687	0.00089461442118447	0	0.00156739811912226	0.00226757369614512	0.0014756517461879	0.00103412616339193	0.000337154416722859	0.00060313630880579	0.001230012300123	0	0	0.00251677852348993	0.00318091451292247	0.0030306631804136	0.00528996865203762	0.0036231884057971	0.00551470588235294	0.00336134453781513	0.00695338655678599	0.00672645739910314	0.00543478260869565	0.00117233294255569	0.00522937960541954	0.00802292263610315	0.00826446280991736
189F	0.000276204944068499	0.000290191526407429	0.000871080139372822	0.000860832137733142	0	0	0.000181892592424174	0	0.00103734439834025	0	0	0.000150389508827864	0	0.000470809792843691	0.000119189511323004	0	0.000288475407471513	0.000160205062479974	0.000195733020160501	0	0.00038164297299876	0	0.000357845768473788	0	0.0501567398119122	0	0	0	0	0.000904704463208685	0	0.00198019801980198	0	0	0	0.000356548609460423	0.000391849529780564	0	0	0.00168067226890756	0.000257532835436518	0.000747384155455904	0	0	0.000475398145947231	0.000573065902578797	0.000918273645546373
193L	0.000276204944068499	0.000870574579222287	0.000580720092915215	0.00114777618364419	0	0	0.00181892592424174	0.0012987012987013	0	0.00287150035893755	0.00154718927282104	0.00162420669534093	0.0020465592223075	0.00282485875706215	0.00202622169249106	0.00155642023346304	0.00115390162988605	0.00144184556231977	0.00215306322176551	0.000929800092980009	0.000954107432496899	0.00172117039586919	0.00465199499015924	0.0017921146953405	0.00783699059561128	0	0.000983767830791933	0.0031023784901758	0.0016857720836143	0.00384499396863691	0.002460024600246	0.0118811881188119	0	0	0.000397614314115308	0.000415973377703827	0.000979623824451411	0.00241545893719807	0.00367647058823529	0.00336134453781513	0.0028328611898017	0	0.00434782608695652	0.00468933177022274	0.00285238887568338	0.00286532951289398	0.000918273645546373
19P	0	0	0	0	0	0	0	0	0	0	0	0	0	0	0.000119189511323004	0	0.000144237703735757	0.000160205062479974	0	0	0	0	0	0	0	0	0	0	0	0	0	0	0.00347826086956522	0.00419463087248322	0.00397614314115308	0.00350606132636083	0.00509404388714734	0.00241545893719807	0.00183823529411765	0	0.00489312387329385	0.00373692077727952	0.00434782608695652	0.00586166471277843	0.00380318516757785	0.00372492836676218	0.00367309458218549
20I	0.00317635685678774	0.00145095763203714	0.0040650406504065	0.00286944045911047	0.00566343042071197	0	0.00418352962575599	0.00194805194805195	0	0.00430725053840632	0.00257864878803507	0.00267693325713598	0.00281401893067281	0.00282485875706215	0.00286054827175209	0.00155642023346304	0.00274051637097937	0.00208266581223967	0.00176159718144451	0.00325430032543003	0.00419807270298636	0.00378657487091222	0.00411522633744856	0.00896057347670251	0.00470219435736677	0.00226757369614512	0.00344318740777177	0.00517063081695967	0.00404585300067431	0.00241254523522316	0.002460024600246	0.00198019801980198	0	0	0	0.000297123841217019	0	0	0	0	0	0	0	0	0.000713097218920846	0.000573065902578797	0.00183654729109275
216F	0.00234774202458224	0.00261172373766686	0.00232288037166086	0.00200860832137733	0.00161812297734628	0	0.00245554999772634	0.00194805194805195	0.00622406639004149	0.00215362526920316	0.00154718927282104	0.00174451830240322	0.00102327961115375	0.00235404896421846	0.00202622169249106	0.00233463035019455	0.00216356555603635	0.00176225568727972	0.00274026228224702	0.00511390051139005	0.00267150081099132	0.00137693631669535	0	0	0	0	0	0	0	0	0	0	0.00521739130434783	0.00251677852348993	0.00238568588469185	0.00231756596149275	0.00313479623824451	0.00241545893719807	0.00827205882352941	0.00168067226890756	0.00309039402523822	0.00224215246636771	0.00108695652173913	0.00117233294255569	0.00499168053244592	0.000859598853868195	0.00183654729109275
21I	0.00138102472034249	0.00464306442251886	0.00232288037166086	0.000573888091822095	0.00485436893203883	0.00584795321637427	0.00159156018371152	0.00324675324675325	0.00622406639004149	0.00215362526920316	0.00206291903042806	0.00246638794477697	0.00306983883346124	0.00329566854990584	0.00190703218116806	0.00233463035019455	0.00129813933362181	0.00240307593719962	0.00313172832256802	0.00278940027894003	0.00238526858124225	0.00172117039586919	0.00125246018965826	0.0017921146953405	0.00156739811912226	0.00226757369614512	0.000983767830791933	0	0.000674308833445718	0.00143244873341375	0	0.00198019801980198	0	0	0	0.000415973377703827	0.000195924764890282	0	0.000919117647058824	0.00168067226890756	0.000515065670873036	0.000747384155455904	0	0	0	0.000573065902578797	0
221L	0.00290015191271924	0.00435287289611143	0.00435540069686411	0.00143472022955524	0.00323624595469256	0	0.0051384657359829	0.0038961038961039	0	0.00143575017946877	0.00464156781846313	0.00469215267542936	0.00537221795855718	0.0051789077212806	0.0033373063170441	0.00155642023346304	0.00461560651954421	0.00720922781159885	0.00665492268545704	0.00418410041841004	0.00686957351397767	0.00344234079173838	0.00447307210592235	0.0017921146953405	0.00626959247648903	0.018140589569161	0.0044269552385637	0.00517063081695967	0.00539447066756575	0.00459891435464415	0.001230012300123	0.00792079207920792	0.00173913043478261	0.000838926174496644	0.00119284294234592	0.00077252198716425	0.00274294670846395	0.0036231884057971	0.000919117647058824	0.00168067226890756	0.00386299253154777	0.00149476831091181	0.00217391304347826	0.00234466588511137	0.00332778702163062	0.00229226361031519	0
22I	0.00331445932882199	0.00319210679048172	0.00348432055749129	0.00631276901004304	0.0040453074433657	0.00292397660818713	0.00518393888408895	0.00714285714285714	0.00311203319502075	0.00215362526920316	0.00257864878803507	0.00363942611363431	0.00588385776413405	0.00282485875706215	0.00274135876042908	0.00233463035019455	0.00375018029712967	0.00352451137455944	0.00332746134272852	0.00325430032543003	0.00372101898673791	0.00172117039586919	0.00554660941134371	0.0017921146953405	0	0.00680272108843537	0.00639449090014757	0.0031023784901758	0.00640593391773432	0.00670989143546442	0.00738007380073801	0.00594059405940594	0.00173913043478261	0.000838926174496644	0.000795228628230616	0.000950796291894462	0.000783699059561129	0.00241545893719807	0.000919117647058824	0.00336134453781513	0.00386299253154777	0.00149476831091181	0.00217391304347826	0.00468933177022274	0.00237699072973615	0.00229226361031519	0.00275482093663912
240I	0.00262394696865074	0.000870574579222287	0.00145180023228804	0.00114777618364419	0.00566343042071197	0	0.00309217407121095	0.0038961038961039	0.00103734439834025	0	0.00103145951521403	0.00138358348121635	0.00230237912509593	0	0.00166865315852205	0.000778210116731518	0.00187509014856483	0.00304389618711951	0.00332746134272852	0.00232450023245002	0.00162198263524473	0.00172117039586919	0.00250492037931651	0.003584229390681	0.00156739811912226	0.00453514739229025	0.00245941957697983	0.00413650465356774	0.00269723533378287	0.00346803377563329	0.003690036900369	0	0	0.00167785234899329	0.00159045725646123	0.00124792013311148	0.00156739811912226	0	0.000919117647058824	0.00168067226890756	0.00412052536698429	0.00747384155455904	0	0.00117233294255569	0.00332778702163062	0.00257879656160458	0.000918273645546373
242H	0.000138102472034249	0	0	0	0	0.0146198830409357	0	0.000649350649350649	0	0	0	0	0	0	0	0	0	0	0	0	0	0	0	0	0	0	0	0	0	0	0	0	0	0	0	0	0	0	0	0	0	0	0	0	0	0	0
243S	0.00165722966441099	0.00116076610562972	0.00203252032520325	0.00200860832137733	0.00647249190938511	0	0.00268291573825656	0.0025974025974026	0.00103734439834025	0.00143575017946877	0.00154718927282104	0.00153397299004421	0.00127909951394218	0.000470809792843691	0.00143027413587604	0.000778210116731518	0.00173085244482908	0.000640820249919897	0.00117439812096301	0.00139470013947001	0.000667875202747829	0.00103270223752151	0.00232599749507962	0.0017921146953405	0.00783699059561128	0	0.0014756517461879	0.00206825232678387	0.000337154416722859	0.0015832328106152	0.003690036900369	0.00198019801980198	0	0.000838926174496644	0.000795228628230616	0.00077252198716425	0.00137147335423197	0.00120772946859903	0.000919117647058824	0	0.000772598506309554	0	0.00108695652173913	0.00351699882766706	0.00142619443784169	0.000573065902578797	0.00183654729109275
245Y	0.00414307416102748	0.00377248984329658	0.00261324041811847	0.00459110473457676	0.00485436893203883	0.00292397660818713	0.00391069073711973	0.0012987012987013	0.0020746887966805	0.00358937544867193	0.00309437854564208	0.00273708906066713	0.00383729854182655	0.00470809792843691	0.00262216924910608	0.00389105058365759	0.00216356555603635	0.00256328099967959	0.00215306322176551	0.00278940027894003	0.00419807270298636	0.00137693631669535	0.00393630345321167	0.00716845878136201	0.00313479623824451	0.00453514739229025	0.0029513034923758	0.00413650465356774	0.00404585300067431	0.00490048250904704	0.00738007380073801	0.00198019801980198	0.00347826086956522	0.00251677852348993	0.0047713717693837	0.00386260993582125	0.00744514106583072	0.00845410628019324	0.000919117647058824	0.00840336134453781	0.00540818954416688	0.00448430493273543	0.00326086956521739	0.00703399765533412	0.00594247682434039	0.00830945558739255	0.00550964187327824
254F	0.00483358652119873	0.00435287289611143	0.00638792102206736	0.00401721664275466	0.00242718446601942	0.00584795321637427	0.00463826110681642	0.011038961038961	0.00518672199170124	0.000717875089734386	0.00464156781846313	0.00252654374830812	0.00281401893067281	0.00423728813559322	0.00357568533969011	0.00389105058365759	0.00418289340833694	0.00448574174943928	0.00430612644353102	0.000929800092980009	0.00372101898673791	0.00654044750430293	0.0057255322955806	0.003584229390681	0.0109717868338558	0.0090702947845805	0.000491883915395967	0.0124095139607032	0.00303438975050573	0.0047496984318456	0.00492004920049201	0.00396039603960396	0.00347826086956522	0.00419463087248322	0.00397614314115308	0.00398145947230806	0.00352664576802508	0.0072463768115942	0.00551470588235294	0.0100840336134454	0.00515065670873036	0.00298953662182362	0.00978260869565217	0.00234466588511137	0.00451628238649869	0.00458452722063037	0.00367309458218549
255F	0.00359066427289048	0.00348229831688915	0.0037746806039489	0.00516499282639885	0.0040453074433657	0.00584795321637427	0.00350143240416534	0.00324675324675325	0.00518672199170124	0.00215362526920316	0.00309437854564208	0.00324841339068187	0.00332565873624968	0.00376647834274953	0.0033373063170441	0	0.00274051637097937	0.00368471643703941	0.00430612644353102	0.00511390051139005	0.00391184047323729	0.00309810671256454	0.00536768652710682	0.00716845878136201	0.00470219435736677	0.00226757369614512	0.0044269552385637	0.0031023784901758	0.00539447066756575	0.00542822677925211	0.001230012300123	0.00198019801980198	0.0104347826086957	0.0134228187919463	0.0123260437375746	0.00754694556691229	0.00960031347962382	0.0108695652173913	0.00643382352941176	0.0100840336134454	0.00540818954416688	0.0104633781763827	0.00543478260869565	0.00703399765533412	0.00855716662705015	0.00802292263610315	0.0101010101010101
256L	0.001104819776274	0.00290191526407429	0.000290360046457607	0.00401721664275466	0.00161812297734628	0	0.0027283888863626	0.00324675324675325	0.00103734439834025	0.00143575017946877	0.00103145951521403	0.00165428459710651	0.0020465592223075	0.00282485875706215	0.00178784266984505	0.000778210116731518	0.00158661474109332	0.00224287087471964	0.00293599530240752	0.000464900046490005	0.00228985783799256	0.00172117039586919	0.0030416890320272	0.0017921146953405	0.00156739811912226	0.00680272108843537	0.00639449090014757	0.0062047569803516	0.00236008091706001	0.00369420989143546	0.001230012300123	0.00198019801980198	0.00173913043478261	0.00251677852348993	0.00357852882703777	0.0031495127169004	0.00411442006269592	0.00483091787439614	0.00367647058823529	0.00504201680672269	0.00412052536698429	0.00149476831091181	0.00652173913043478	0.00117233294255569	0.00451628238649869	0.00286532951289398	0.00183654729109275
274I	0.000690512360171247	0.000580383052814858	0	0.00114777618364419	0.00161812297734628	0	0.000954936110226911	0	0	0.00574300071787509	0.00464156781846313	0.00123319397238849	0.00179073931951906	0.000470809792843691	0.00202622169249106	0.00233463035019455	0.0010096639261503	0.00256328099967959	0.00195733020160501	0.00139470013947001	0.00267150081099132	0.00240963855421687	0	0.0017921146953405	0	0	0	0	0	0.000301568154402895	0	0	0	0	0	5.94247682434038E-05	0.000391849529780564	0	0.000919117647058824	0	0	0	0.00108695652173913	0	0	0	0.00183654729109275
27V	0.00193343460847949	0.00348229831688915	0.00232288037166086	0.00172166427546628	0.00242718446601942	0.00292397660818713	0.00222818425719613	0.0025974025974026	0.00103734439834025	0.00215362526920316	0.00206291903042806	0.00186482990946552	0.000767459708365311	0.00329566854990584	0.00178784266984505	0.00389105058365759	0.00187509014856483	0.00224287087471964	0.00274026228224702	0.00232450023245002	0.0019082148649938	0.00172117039586919	0.00357845768473788	0	0	0	0.00491883915395967	0.0062047569803516	0.00236008091706001	0.00218636911942099	0.00615006150061501	0	0	0	0	0	0	0	0	0	0	0	0	0	0	0	0
299I	0.00179533213644524	0.000580383052814858	0.00145180023228804	0.00258249641319943	0.00323624595469256	0	0.00227365740530217	0.000649350649350649	0.00311203319502075	0.00143575017946877	0	0.00156405089180979	0.000511639805576874	0.00188323917137476	0.00262216924910608	0.00233463035019455	0.00288475407471513	0.00256328099967959	0.00234879624192601	0.00232450023245002	0.00200362560824349	0.00103270223752151	0.00357845768473788	0.00537634408602151	0.0109717868338558	0	0.00541072306935563	0.0062047569803516	0.00370869858395145	0.00482509047044632	0.003690036900369	0.00792079207920792	0.00347826086956522	0.000838926174496644	0.00238568588469185	0.00178274304730212	0.000979623824451411	0.00241545893719807	0.00643382352941176	0.00336134453781513	0.00540818954416688	0.00149476831091181	0.00108695652173913	0.00234466588511137	0.00356548609460423	0.00343839541547278	0.00183654729109275
30H	0.00994337798646596	0	0.00319396051103368	0	0	0	0.000227365740530217	0	0	0	0.000515729757607014	0.00192498571299666	0.00613967766692249	0.000470809792843691	0.000238379022646007	0	0.000721188518678783	0.00128164049983979	0.00548052456449403	0.000464900046490005	0.00047705371624845	0.000688468158347676	0.000357845768473788	0	0	0	0	0	0	7.53920386007238E-05	0	0	0	0	0	0	0	0	0	0	0	0	0	0	0	0	0
49Y	0.00662891865764397	0.00667440510737086	0.00493612078977933	0.00373027259684362	0.00485436893203883	0.00584795321637427	0.00495657314355873	0.00454545454545455	0.0020746887966805	0.000717875089734386	0.0036101083032491	0.00249646584654255	0.00358147863903812	0.00282485875706215	0.00178784266984505	0.00311284046692607	0.00360594259339391	0.00384492149951938	0.00352319436288902	0.00604370060437006	0.00267150081099132	0.00516351118760757	0.00429414922168545	0.003584229390681	0.00313479623824451	0.0090702947845805	0.00491883915395967	0.00517063081695967	0.00438300741739717	0.00505126658624849	0.00492004920049201	0.00198019801980198	0.00695652173913044	0.00671140939597315	0.00397614314115308	0.00421915854528167	0.00509404388714734	0.00483091787439614	0.00551470588235294	0.00504201680672269	0.0028328611898017	0.00149476831091181	0	0.00117233294255569	0.00285238887568338	0.00544412607449857	0.00183654729109275
54F	0.00607650876950697	0.00348229831688915	0.00667828106852497	0.00315638450502152	0.0040453074433657	0.00292397660818713	0.00291028147878678	0.00519480519480519	0.00518672199170124	0.00430725053840632	0.00515729757607014	0.00460191897013264	0.0048605781529803	0.000941619585687382	0.0034564958283671	0.00389105058365759	0.00375018029712967	0.00448574174943928	0.00215306322176551	0.00511390051139005	0.00314855452723977	0.0044750430292599	0.00178922884236894	0	0.00156739811912226	0.00680272108843537	0.00393507132316773	0.00206825232678387	0.00236008091706001	0.00294028950542823	0.001230012300123	0.00198019801980198	0.00347826086956522	0.000838926174496644	0.00318091451292247	0.00237699072973615	0.00274294670846395	0.00241545893719807	0.00183823529411765	0	0.00154519701261911	0.00224215246636771	0.00326086956521739	0.00117233294255569	0.00261468980270977	0.00143266475644699	0
64R	0.000414307416102748	0	0.000871080139372822	0.000286944045911047	0.000809061488673139	0	0.000363785184848347	0.00194805194805195	0	0.000717875089734386	0.000515729757607014	6.01558035311457E-05	0.000255819902788437	0.000470809792843691	0.000119189511323004	0	0.000144237703735757	0.000160205062479974	0.000195733020160501	0.000464900046490005	0.00019082148649938	0.000344234079173838	0.000715691536947576	0	0.00156739811912226	0.00226757369614512	0.000491883915395967	0	0	0.000226176115802171	0	0	0.00521739130434783	0.00251677852348993	0.0047713717693837	0.00190159258378892	0.000979623824451411	0	0	0	0.000515065670873036	0.000747384155455904	0.00108695652173913	0.00117233294255569	0.000475398145947231	0.000573065902578797	0.00183654729109275
68T	0.001104819776274	0.00116076610562972	0.00145180023228804	0.000286944045911047	0.00161812297734628	0	0	0.000649350649350649	0	0.000717875089734386	0.00206291903042806	0.000751947544139321	0.000255819902788437	0.000470809792843691	0.00143027413587604	0.000778210116731518	0.0010096639261503	0.000640820249919897	0.000391466040321002	0.000464900046490005	0.00104951817574659	0.000688468158347676	0	0	0	0	0	0	0	0	0	0	0.00347826086956522	0.00503355704697987	0.00159045725646123	0.00487283099595912	0.00176332288401254	0	0	0	0	0	0	0	0	0	0
69Y	0.00207153708051374	0.00348229831688915	0.00290360046457607	0.00401721664275466	0.00647249190938511	0	0.000318312036742304	0.00454545454545455	0.00103734439834025	0.00717875089734386	0.00206291903042806	0.00303786807832286	0.00230237912509593	0.00376647834274953	0.00369487485101311	0.000778210116731518	0.00274051637097937	0.00448574174943928	0.00411039342337052	0.00185960018596002	0.00305314378399008	0.00206540447504303	0	0	0	0	0	0	0	0	0	0	0.00347826086956522	0.00335570469798658	0.00318091451292247	0.00249584026622296	0.0054858934169279	0	0	0	0	0	0	0	0	0	0
75V	0.00441927910509598	0.00145095763203714	0.00174216027874564	0.00373027259684362	0.00323624595469256	0.00584795321637427	0.00304670092310491	0.0038961038961039	0.00622406639004149	0.00430725053840632	0.0036101083032491	0.0034288808012753	0.00306983883346124	0.00376647834274953	0.0032181168057211	0.00622568093385214	0.00302899177845089	0.00416533162447933	0.00587199060481503	0.00232450023245002	0.00314855452723977	0.00413080895008606	0.00161030595813205	0.0017921146953405	0.00313479623824451	0.00226757369614512	0.00491883915395967	0.0062047569803516	0.00303438975050573	0.00309107358262967	0.00615006150061501	0.00198019801980198	0.00173913043478261	0	0.00318091451292247	0.0031495127169004	0.00235109717868339	0.0036231884057971	0.00643382352941176	0.00504201680672269	0.00386299253154777	0.00149476831091181	0.00217391304347826	0.00117233294255569	0.00356548609460423	0.00401146131805158	0.00367309458218549
80Y	0.00234774202458224	0.004062681369704	0.00290360046457607	0.00430416068866571	0.0040453074433657	0	0.00259196944204447	0.00324675324675325	0.00518672199170124	0.00358937544867193	0.00464156781846313	0.00195506361476223	0.00102327961115375	0.00329566854990584	0.00262216924910608	0.000778210116731518	0.000721188518678783	0.00128164049983979	0.00332746134272852	0.00185960018596002	0.00295773304074039	0.00172117039586919	0.00232599749507962	0.00537634408602151	0.00313479623824451	0	0.0029513034923758	0.0062047569803516	0.00202292650033715	0.00211097708082027	0	0	0	0.000838926174496644	0.000397614314115308	0.000534822914190635	0.000979623824451411	0	0.00183823529411765	0.00336134453781513	0.00154519701261911	0	0.00217391304347826	0.00117233294255569	0.000950796291894462	0.000573065902578797	0.000918273645546373
84I	0.000276204944068499	0.000290191526407429	0.000580720092915215	0.000286944045911047	0.000809061488673139	0	0.000181892592424174	0	0.00103734439834025	0.000717875089734386	0	0.00063163593707703	0.000767459708365311	0	0.000357568533969011	0	0.000288475407471513	0.00128164049983979	0	0	0.00038164297299876	0.000688468158347676	0.00196815172660583	0.003584229390681	0.00156739811912226	0	0.00196753566158387	0.00413650465356774	0.00134861766689144	0.00135705669481303	0.003690036900369	0	0	0.00335570469798658	0.00198807157057654	0.0015450439743285	0.000783699059561129	0	0.000919117647058824	0.00168067226890756	0.000515065670873036	0.000747384155455904	0.00108695652173913	0.00468933177022274	0.00190159258378892	0.00544412607449857	0.00275482093663912
98F	0.00676702112967822	0.00435287289611143	0.00725900116144019	0.00946915351506456	0.0113268608414239	0.0116959064327485	0.00768496202992133	0.011038961038961	0.00103734439834025	0.00430725053840632	0.00515729757607014	0.00372965981893103	0.00588385776413405	0.00659133709981168	0.00309892729439809	0.00778210116731518	0.00360594259339391	0.00464594681191926	0.00567625758465453	0.00418410041841004	0.00438889418948574	0.00344234079173838	0.00733583825371265	0.003584229390681	0.00626959247648903	0.00680272108843537	0.00393507132316773	0.0031023784901758	0.00640593391773432	0.00670989143546442	0.003690036900369	0.0118811881188119	0.00173913043478261	0.000838926174496644	0.00238568588469185	0.00291181364392679	0.00431034482758621	0.0120772946859903	0.00367647058823529	0.00336134453781513	0.00695338655678599	0.00597907324364723	0.00652173913043478	0.00234466588511137	0.00570477775136677	0.00487106017191977	0.00734618916437098
