Mut	B.1	B.1.1	B.1.2	B.1.177	B.1.429	B.1.351	B.1.1.7	B.1.526	P.1	AY.26	AY.5	AY.4	AY.122	AY.98	AY.44	AY.47	AY.25	AY.3	AY.43	AY.39	AY.103	AY.100	BA.1	BA.1.17	BA.1.18	BA.1.20	BA.1.15	BA.1.1.18	BA.1.17.2	BA.1.1	BA.1.15.1	BA.1.1.1	BA.2.10	BA.2.3	BA.2.9	BA.2	BA.2.12.1	BA.4	BA.4.1	BA.5	BA.5.1	BA.5.5	BE.1	BA.5.6	BA.5.2.1	BA.5.2	BA.4.6
15S	0.0570570570570571	0.0344827586206897	0.0632183908045977	0.0333333333333333	0	0	0.0525210084033613	0	0	0	0	0.0632244467860906	0.0784313725490196	0	0.0501792114695341	0	0.0649350649350649	0.0334928229665072	0.103896103896104	0	0.0696969696969697	0.0357142857142857	0.0619469026548673	0	0	0	0.0451127819548872	0	0.0740740740740741	0.0597371565113501	0	0	0	0	0.0967741935483871	0.0664240218380346	0.0851063829787234	0	0	0	0.0769230769230769	0	0	0	0.0653266331658292	0.0833333333333333	0
20F	0.00900900900900901	0.0229885057471264	0.0229885057471264	0.00666666666666667	0	0	0.0105042016806723	0	0	0	0	0.017913593256059	0.00980392156862745	0	0.014336917562724	0	0.00865800865800866	0	0.025974025974026	0	0.00606060606060606	0.0357142857142857	0.0147492625368732	0	0	0	0.0150375939849624	0	0.00617283950617284	0.00955794504181601	0	0	0	0	0.0138248847926267	0.00454959053685168	0.00354609929078014	0	0	0	0.00904977375565611	0	0	0	0.0100502512562814	0	0
23V	0	0.00574712643678161	0.00574712643678161	0	0	0	0.00315126050420168	0	0	0	0	0.00105374077976818	0	0	0.003584229390681	0	0.00432900432900433	0	0	0	0	0	0	0	0	0	0	0	0	0.01194743130227	0	0	0	0	0	0.00363967242948135	0	0	0	0	0.0633484162895928	0	0	0	0.0050251256281407	0.00595238095238095	0
25F	0.00900900900900901	0.0632183908045977	0.0229885057471264	0.04	0	0	0.0147058823529412	0	0	0	0	0.0168598524762908	0	0	0.017921146953405	0	0.0303030303030303	0.0287081339712919	0.00649350649350649	0	0.0242424242424242	0.0267857142857143	0.0117994100294985	0	0	0	0.0150375939849624	0	0.0246913580246914	0.021505376344086	0	0	0	0	0.00921658986175115	0.0145586897179254	0.0354609929078014	0	0	0	0.0180995475113122	0	0	0	0.0251256281407035	0.0178571428571429	0
31L	0.0690690690690691	0.0574712643678161	0.0804597701149425	0.08	0	0	0.0703781512605042	0	0	0	0	0.0547945205479452	0.0392156862745098	0	0.0537634408602151	0	0.0303030303030303	0.0813397129186603	0.0844155844155844	0	0.0696969696969697	0.0357142857142857	0.0324483775811209	0	0	0	0.037593984962406	0	0.0555555555555556	0.0525686977299881	0	0	0	0	0.0276497695852535	0.0618744313011829	0.049645390070922	0	0	0	0.0407239819004525	0	0	0	0.050251256281407	0.0654761904761905	0
32F	0.0600600600600601	0.0517241379310345	0.0747126436781609	0.0666666666666667	0	0	0.123949579831933	0	0	0	0	0.0927291886195996	0.0588235294117647	0	0.114695340501792	0	0.0952380952380952	0.0909090909090909	0.0909090909090909	0	0.0848484848484849	0.0803571428571429	0.0471976401179941	0	0	0	0.0676691729323308	0	0.0555555555555556	0.0800477897252091	0	0	0	0	0.0599078341013825	0.0591446769790719	0.0567375886524823	0	0	0	0.0678733031674208	0	0	0	0.0552763819095477	0.0833333333333333	0
34M	0	0.00574712643678161	0.00574712643678161	0	0	0	0.00630252100840336	0	0	0	0	0	0	0	0	0	0	0.00478468899521531	0.012987012987013	0	0	0.0178571428571429	0.0412979351032448	0	0	0	0.0150375939849624	0	0.0185185185185185	0.021505376344086	0	0	0	0	0.0875576036866359	0.0709736123748863	0.0212765957446809	0	0	0	0.194570135746606	0	0	0	0.100502512562814	0.18452380952381	0
41F	0.048048048048048	0.0804597701149425	0.028735632183908	0.0533333333333333	0	0	0.0294117647058824	0	0	0	0	0.0453108535300316	0.0588235294117647	0	0.0573476702508961	0	0.0346320346320346	0.0382775119617225	0.0324675324675325	0	0.0484848484848485	0.0267857142857143	0.0294985250737463	0	0	0	0.0075187969924812	0	0.00617283950617284	0.015531660692951	0	0	0	0	0.0230414746543779	0.0218380345768881	0.0354609929078014	0	0	0	0.00452488687782805	0	0	0	0.0100502512562814	0.00595238095238095	0
42Y	0.0720720720720721	0.0747126436781609	0.109195402298851	0.106666666666667	0	0	0.0756302521008403	0	0	0	0	0.071654373024236	0.0882352941176471	0	0.0573476702508961	0	0.0995670995670996	0.076555023923445	0.0844155844155844	0	0.0424242424242424	0.0625	0.0766961651917404	0	0	0	0.075187969924812	0	0.037037037037037	0.0597371565113501	0	0	0	0	0.0552995391705069	0.0527752502274795	0.049645390070922	0	0	0	0.0542986425339367	0	0	0	0.0603015075376884	0.107142857142857	0
43P	0	0	0	0	0	0	0.00420168067226891	0	0	0	0	0.00210748155953635	0	0	0.003584229390681	0	0.0173160173160173	0	0	0	0.00606060606060606	0.0625	0	0	0	0	0.0075187969924812	0	0	0.004778972520908	0	0	0	0	0	0.00363967242948135	0.0106382978723404	0	0	0	0	0	0	0	0	0	0
43V	0.033033033033033	0.0229885057471264	0.0459770114942529	0.0466666666666667	0	0	0.0451680672268908	0	0	0	0	0.0252897787144362	0.0294117647058824	0	0.017921146953405	0	0.00865800865800866	0.0334928229665072	0.0194805194805195	0	0.0575757575757576	0.0267857142857143	0.0501474926253687	0	0	0	0.0300751879699248	0	0.0432098765432099	0.0692951015531661	0	0	0	0	0.0599078341013825	0.0418562329390355	0.0567375886524823	0	0	0	0.0497737556561086	0	0	0	0.0150753768844221	0	0
4F	0.027027027027027	0.0344827586206897	0.0114942528735632	0.06	0	0	0.0472689075630252	0	0	0	0	0.0158061116965227	0.0294117647058824	0	0.017921146953405	0	0.012987012987013	0.0382775119617225	0.012987012987013	0	0.0272727272727273	0.0267857142857143	0.0324483775811209	0	0	0	0.0451127819548872	0	0.0493827160493827	0.039426523297491	0	0	0	0	0.0599078341013825	0.0445859872611465	0.0425531914893617	0	0	0	0.0407239819004525	0	0	0	0.110552763819095	0.0535714285714286	0
4P	0	0	0.00574712643678161	0	0	0	0.00210084033613445	0	0	0	0	0.00210748155953635	0	0	0.003584229390681	0	0.00432900432900433	0	0	0	0.00909090909090909	0	0	0	0	0	0	0	0.0740740740740741	0.003584229390681	0	0	0	0	0	0.00181983621474067	0.00354609929078014	0	0	0	0	0	0	0	0.0050251256281407	0	0
5L	0.048048048048048	0.028735632183908	0.0344827586206897	0.06	0	0	0.0388655462184874	0	0	0	0	0.0948366701791359	0.0686274509803922	0	0.0681003584229391	0	0.0649350649350649	0.0430622009569378	0.0844155844155844	0	0.0818181818181818	0.0535714285714286	0.00589970501474926	0	0	0	0.0150375939849624	0	0.0246913580246914	0.019115890083632	0	0	0	0	0.0184331797235023	0.0245677888989991	0.0319148936170213	0	0	0	0.0180995475113122	0	0	0	0.0251256281407035	0.0178571428571429	0
