Mut	B.1	B.1.1	B.1.2	B.1.177	B.1.429	B.1.351	B.1.1.7	B.1.526	P.1	AY.26	AY.5	AY.4	AY.122	AY.98	AY.44	AY.47	AY.25	AY.3	AY.43	AY.39	AY.103	AY.100	BA.1	BA.1.17	BA.1.18	BA.1.20	BA.1.15	BA.1.1.18	BA.1.17.2	BA.1.1	BA.1.15.1	BA.1.1.1	BA.2.10	BA.2.3	BA.2.9	BA.2	BA.2.12.1	BA.4	BA.4.1	BA.5	BA.5.1	BA.5.5	BE.1	BA.5.6	BA.5.2.1	BA.5.2	BA.4.6
10I	0.0331632653061225	0	0.0104166666666667	0.00537634408602151	0	0	0.0173674588665448	0	0	0	0	0.00845864661654135	0.00401606425702811	0	0	0	0.00678733031674208	0.0147492625368732	0.0102739726027397	0	0.0154109589041096	0.012987012987013	0.00671140939597315	0	0	0	0.0155038759689922	0	0.0136363636363636	0.0142857142857143	0	0	0	0.0384615384615385	0.013953488372093	0.00853018372703412	0.0145772594752187	0	0	0	0.00740740740740741	0	0	0	0.00917431192660551	0.00617283950617284	0
10N	0	0	0	0	0	0	0.0036563071297989	0	0	0	0.0413223140495868	0.0192669172932331	0.144578313253012	0	0	0	0	0.00294985250737463	0.133561643835616	0.00980392156862745	0.00513698630136986	0.00649350649350649	0.114093959731544	0	0	0	0.0465116279069767	0	0.0363636363636364	0.0693877551020408	0	0	0	0	0.013953488372093	0.0118110236220472	0.00291545189504373	0	0	0	0	0	0	0	0	0.00617283950617284	0
12T	0.00255102040816327	0	0.00520833333333333	0.010752688172043	0	0	0.00182815356489945	0	0	0	0.00826446280991736	0.00234962406015038	0	0	0.00205761316872428	0	0	0	0.00342465753424658	0	0.00513698630136986	0.00649350649350649	0.0111856823266219	0	0	0	0.0155038759689922	0	0.00909090909090909	0.00918367346938776	0	0	0	0.00961538461538462	0.00465116279069767	0.0137795275590551	0.0174927113702624	0	0	0	0.037037037037037	0	0	0	0.0504587155963303	0.0246913580246914	0
13D	0.0331632653061225	0.0104166666666667	0.03125	0.021505376344086	0	0	0.0191956124314442	0	0	0	0.00826446280991736	0.012687969924812	0.0160642570281124	0	0.0226337448559671	0	0.0226244343891403	0.0147492625368732	0.00342465753424658	0.00980392156862745	0.011986301369863	0.00649350649350649	0.00447427293064877	0	0	0	0.0232558139534884	0	0	0.00510204081632653	0	0	0	0.00961538461538462	0.00465116279069767	0.00590551181102362	0.0087463556851312	0	0	0	0.0037037037037037	0	0	0	0.018348623853211	0.0185185185185185	0
19K	0	0	0	0	0	0	0	0	0	0	0	0	0	0	0	0	0.00226244343891403	0	0	0	0	0	0.0178970917225951	0	0	0	0.0232558139534884	0	0.0590909090909091	0.0153061224489796	0	0	0	0.0673076923076923	0.027906976744186	0.0196850393700787	0.0145772594752187	0	0	0	0	0	0	0	0	0	0
1I	0.0178571428571429	0.03125	0.0208333333333333	0.032258064516129	0	0	0.0255941499085923	0	0	0	0.0413223140495868	0.0216165413533835	0.0281124497991968	0	0.037037037037037	0	0.0271493212669683	0.0235988200589971	0.0273972602739726	0.0294117647058824	0.0171232876712329	0.025974025974026	0.00894854586129754	0	0	0	0.0155038759689922	0	0.0136363636363636	0.013265306122449	0	0	0	0.0384615384615385	0.00465116279069767	0.0236220472440945	0.0291545189504373	0	0	0	0.0037037037037037	0	0	0	0.0137614678899083	0.0185185185185185	0
20S	0.038265306122449	0.0260416666666667	0.0260416666666667	0.0268817204301075	0	0	0.0475319926873857	0	0	0	0.0165289256198347	0.0333646616541353	0.0401606425702811	0	0.0390946502057613	0	0.0361990950226244	0.0324483775811209	0.0308219178082192	0.0392156862745098	0.0308219178082192	0.051948051948052	0.0111856823266219	0	0	0	0.0155038759689922	0	0.0181818181818182	0.0244897959183673	0	0	0	0.0192307692307692	0.0232558139534884	0.0190288713910761	0.0145772594752187	0	0	0	0.0259259259259259	0	0	0	0.0137614678899083	0.0246913580246914	0
21I	0.0586734693877551	0.046875	0.0364583333333333	0.043010752688172	0	0	0.0685557586837294	0	0	0	0.0413223140495868	0.0333646616541353	0.0401606425702811	0	0.0534979423868313	0	0.0497737556561086	0.0619469026548673	0.0479452054794521	0.0490196078431373	0.0616438356164384	0.0194805194805195	0.0514541387024609	0	0	0	0.062015503875969	0	0.0181818181818182	0.0520408163265306	0	0	0	0	0.0372093023255814	0.0334645669291339	0.0174927113702624	0	0	0	0.0444444444444444	0	0	0	0.0412844036697248	0.037037037037037	0
27L	0.0586734693877551	0.046875	0.0625	0.10752688172043	0	0	0.0676416819012797	0	0	0	0.0826446280991736	0.0488721804511278	0.0522088353413655	0	0.0555555555555556	0	0.0633484162895928	0.0530973451327434	0.0616438356164384	0.0392156862745098	0.0565068493150685	0.051948051948052	0.0156599552572707	0	0	0	0.0155038759689922	0	0.0181818181818182	0.0397959183673469	0	0	0	0.0288461538461538	0.0418604651162791	0.0295275590551181	0.0145772594752187	0	0	0	0.0296296296296296	0	0	0	0.0504587155963303	0.0432098765432099	0
33T	0.0127551020408163	0.0208333333333333	0.0208333333333333	0.021505376344086	0	0	0.0137111517367459	0	0	0	0.00826446280991736	0.012687969924812	0.00401606425702811	0	0.0205761316872428	0	0.0113122171945701	0.0206489675516224	0.0205479452054795	0.00980392156862745	0.0222602739726027	0.012987012987013	0.0201342281879195	0	0	0	0.0310077519379845	0	0.00909090909090909	0.0142857142857143	0	0	0	0	0	0.015748031496063	0.0233236151603499	0	0	0	0.0111111111111111	0	0	0	0.018348623853211	0.0493827160493827	0
35F	0	0.0104166666666667	0	0.00537634408602151	0	0	0.00274223034734918	0	0	0	0	0.0037593984962406	0	0	0.00205761316872428	0	0.00452488687782805	0	0.00342465753424658	0	0.00171232876712329	0	0.0201342281879195	0	0	0	0.0310077519379845	0	0.0136363636363636	0.0173469387755102	0	0	0	0.00961538461538462	0.013953488372093	0.0203412073490814	0.0174927113702624	0	0	0	0.00740740740740741	0	0	0	0	0	0
3Y	0.0408163265306122	0.0104166666666667	0.0260416666666667	0.0268817204301075	0	0	0.0292504570383912	0	0	0	0.0165289256198347	0.0117481203007519	0.00401606425702811	0	0.0205761316872428	0	0.00678733031674208	0.0206489675516224	0.0205479452054795	0.0196078431372549	0.023972602739726	0.012987012987013	0.0111856823266219	0	0	0	0.0232558139534884	0	0.0181818181818182	0.00816326530612245	0	0	0	0.0480769230769231	0.00930232558139535	0.0144356955380577	0.0087463556851312	0	0	0	0.00740740740740741	0	0	0	0.00917431192660551	0.0123456790123457	0
41F	0.0280612244897959	0.0260416666666667	0.0208333333333333	0.010752688172043	0	0	0.0237659963436929	0	0	0	0.00826446280991736	0.0178571428571429	0.0240963855421687	0	0.0246913580246914	0	0.00904977375565611	0.0176991150442478	0.0273972602739726	0.0294117647058824	0.0445205479452055	0.0194805194805195	0.0223713646532438	0	0	0	0.0155038759689922	0	0.0136363636363636	0.0224489795918367	0	0	0	0.0288461538461538	0.0651162790697674	0.0426509186351706	0.0495626822157434	0	0	0	0.0333333333333333	0	0	0	0.0412844036697248	0.0925925925925926	0
45I	0.0076530612244898	0	0.015625	0.00537634408602151	0	0	0.0127970749542962	0	0	0	0	0.00516917293233083	0.00803212851405622	0	0	0	0.00226244343891403	0	0	0	0	0	0.00671140939597315	0	0	0	0	0	0.00454545454545455	0.00510204081632653	0	0	0	0.0192307692307692	0.0372093023255814	0.005249343832021	0.0116618075801749	0	0	0	0.00740740740740741	0	0	0	0	0.00617283950617284	0
49H	0.00510204081632653	0.0260416666666667	0.015625	0.010752688172043	0	0	0.0146252285191956	0	0	0	0	0.0169172932330827	0.0160642570281124	0	0.0226337448559671	0	0.0294117647058824	0.0206489675516224	0.00342465753424658	0.0196078431372549	0.0136986301369863	0.0324675324675325	0.0246085011185682	0	0	0	0.00775193798449612	0	0.0136363636363636	0.0183673469387755	0	0	0	0	0.0232558139534884	0.015748031496063	0.0145772594752187	0	0	0	0.0185185185185185	0	0	0	0.0275229357798165	0.0246913580246914	0
53Y	0.0153061224489796	0.0260416666666667	0.015625	0.0161290322580645	0	0	0.0182815356489945	0	0	0	0.0413223140495868	0.0230263157894737	0.0120481927710843	0	0.0205761316872428	0	0.0158371040723982	0.0176991150442478	0.0308219178082192	0.00980392156862745	0.011986301369863	0.025974025974026	0	0	0	0	0	0	0.0136363636363636	0.00918367346938776	0	0	0	0.00961538461538462	0.00465116279069767	0.00590551181102362	0.00583090379008746	0	0	0	0.00740740740740741	0	0	0	0	0.00617283950617284	0
55D	0.0178571428571429	0.0364583333333333	0.0260416666666667	0.0161290322580645	0	0	0.0137111517367459	0	0	0	0.00826446280991736	0.0277255639097744	0.0120481927710843	0	0.0185185185185185	0	0.00678733031674208	0.0206489675516224	0.0171232876712329	0.0392156862745098	0.0273972602739726	0.038961038961039	0	0	0	0	0	0	0.00454545454545455	0.00816326530612245	0	0	0	0.0192307692307692	0.013953488372093	0.0236220472440945	0.0349854227405248	0	0	0	0.00740740740740741	0	0	0	0	0.0123456790123457	0
57L	0.0510204081632653	0.0260416666666667	0.0677083333333333	0.043010752688172	0	0	0.0420475319926874	0	0	0	0.0578512396694215	0.0446428571428571	0.0522088353413655	0	0.065843621399177	0	0.0429864253393665	0.0678466076696165	0.0547945205479452	0.0392156862745098	0.0513698630136986	0.0844155844155844	0.029082774049217	0	0	0	0.0310077519379845	0	0.0409090909090909	0.0326530612244898	0	0	0	0.134615384615385	0.0744186046511628	0.0931758530183727	0.110787172011662	0	0	0	0.0740740740740741	0	0	0	0.0596330275229358	0.0432098765432099	0
58L	0	0.0104166666666667	0	0	0	0	0.0036563071297989	0	0	0	0.0909090909090909	0.168703007518797	0.0120481927710843	0	0	0	0.00226244343891403	0	0.023972602739726	0	0	0	0.0447427293064877	0	0	0	0.0155038759689922	0	0.0545454545454545	0.0316326530612245	0	0	0	0.0384615384615385	0.00930232558139535	0.0413385826771654	0.0145772594752187	0	0	0	0.0518518518518519	0	0	0	0.0275229357798165	0.0246913580246914	0
5F	0.0204081632653061	0.046875	0.015625	0.032258064516129	0	0	0.0182815356489945	0	0	0	0.0247933884297521	0.0112781954887218	0.00803212851405622	0	0.00205761316872428	0	0.0158371040723982	0.0147492625368732	0.00342465753424658	0	0.011986301369863	0.00649350649350649	0.00447427293064877	0	0	0	0	0	0.0136363636363636	0.0102040816326531	0	0	0	0	0.0186046511627907	0.00984251968503937	0.00291545189504373	0	0	0	0.0259259259259259	0	0	0	0.0412844036697248	0.00617283950617284	0
5I	0.0102040816326531	0.00520833333333333	0.015625	0.010752688172043	0	0	0.00639853747714808	0	0	0	0	0.00610902255639098	0	0	0.0102880658436214	0	0.00452488687782805	0.00294985250737463	0.00342465753424658	0	0	0.00649350649350649	0.00447427293064877	0	0	0	0.00775193798449612	0	0.00909090909090909	0.00306122448979592	0	0	0	0.00961538461538462	0	0.00853018372703412	0.00291545189504373	0	0	0	0.12962962962963	0	0	0	0.055045871559633	0.037037037037037	0
61Y	0.0357142857142857	0.0364583333333333	0.0677083333333333	0.032258064516129	0	0	0.0356489945155393	0	0	0	0.0165289256198347	0.0211466165413534	0.0240963855421687	0	0.0164609053497942	0	0.0271493212669683	0.0265486725663717	0.0171232876712329	0.00980392156862745	0.0256849315068493	0.012987012987013	0.0246085011185682	0	0	0	0.0232558139534884	0	0.0181818181818182	0.0173469387755102	0	0	0	0.0192307692307692	0.0372093023255814	0.036745406824147	0.0349854227405248	0	0	0	0.0111111111111111	0	0	0	0.0137614678899083	0.0246913580246914	0
6G	0	0	0	0.00537634408602151	0	0	0.00274223034734918	0	0	0	0	0.0037593984962406	0	0	0.00205761316872428	0	0.00678733031674208	0.00589970501474926	0.00342465753424658	0	0.00342465753424658	0	0	0	0	0	0	0	0	0.00408163265306122	0	0	0	0.00961538461538462	0	0	0.00583090379008746	0	0	0	0.0407407407407407	0	0	0	0.0137614678899083	0	0
