Mut	B.1	B.1.1	B.1.2	B.1.177	B.1.429	B.1.351	B.1.1.7	B.1.526	P.1	AY.26	AY.5	AY.4	AY.122	AY.98	AY.44	AY.47	AY.25	AY.3	AY.43	AY.39	AY.103	AY.100	BA.1	BA.1.17	BA.1.18	BA.1.20	BA.1.15	BA.1.1.18	BA.1.17.2	BA.1.1	BA.1.15.1	BA.1.1.1	BA.2.10	BA.2.3	BA.2.9	BA.2	BA.2.12.1	BA.4	BA.4.1	BA.5	BA.5.1	BA.5.5	BE.1	BA.5.6	BA.5.2.1	BA.5.2	BA.4.6
102F	0.00990799716914367	0.00642054574638844	0.016025641025641	0.0125448028673835	0.0101351351351351	0.00793650793650794	0.0224846695434931	0.00613496932515337	0.0100502512562814	0.0133928571428571	0.0377358490566038	0.0175874593767922	0.0139751552795031	0.0123456790123457	0.0120401337792642	0.0199004975124378	0.0141843971631206	0.0125482625482625	0.0192525481313703	0.00911854103343465	0.0166021029330382	0.023696682464455	0.00757575757575758	0	0.0165289256198347	0	0.00546448087431694	0.004739336492891	0.00492610837438424	0.00596347372344391	0.00757575757575758	0	0	0.00497512437810945	0.0054249547920434	0.00489446313857449	0.005720823798627	0.00662251655629139	0.01	0.00606060606060606	0.004739336492891	0.00289855072463768	0.00529100529100529	0	0.011037527593819	0.0111265646731572	0.00564971751412429
106D	0	0	0.0016025641025641	0.0017921146953405	0	0	0.000227117874176698	0	0	0	0.00314465408805031	0.000191168036704263	0	0	0.0020066889632107	0	0.000886524822695035	0.00193050193050193	0.00113250283125708	0.00303951367781155	0	0	0.000946969696969697	0	0	0	0	0.037914691943128	0.00656814449917898	0.0033544539694372	0	0	0	0	0	0.000305903946160905	0	0	0	0	0	0.00289855072463768	0	0	0	0	0
109V	0	0	0	0	0	0	0	0	0	0	0	0	0	0	0	0	0	0	0	0	0	0	0	0	0	0	0	0	0.00164203612479475	0.00149086843086098	0	0	0.0686274509803922	0	0	0	0	0	0	0	0	0	0	0	0.0011037527593819	0.00139082058414465	0
10T	0.0056617126680821	0.00963081861958266	0.0112179487179487	0.00716845878136201	0.00337837837837838	0.00793650793650794	0.00545082898024074	0.00920245398773006	0	0.00892857142857143	0.00314465408805031	0.00439686484419805	0.0031055900621118	0.00308641975308642	0.00668896321070234	0.0248756218905473	0.00975177304964539	0.0028957528957529	0.00339750849377123	0	0.00498063087991146	0.00710900473933649	0.0104166666666667	0.00862068965517241	0.00826446280991736	0	0.00819672131147541	0.014218009478673	0.00821018062397373	0.0100633619083116	0.00757575757575758	0	0	0.0149253731343284	0.00904159132007233	0.00917711838482716	0.0091533180778032	0.033112582781457	0.005	0	0	0.00289855072463768	0.0105820105820106	0.0101522842639594	0.0011037527593819	0.00139082058414465	0.0169491525423729
116L	0	0	0	0	0	0	0.000681353622530093	0	0	0	0	0.000382336073408526	0	0	0.000668896321070234	0.00497512437810945	0	0.000965250965250965	0	0	0.000553403431101273	0	0	0	0	0	0	0	0	0.000372717107715244	0	0	0	0	0	0.00275313551544815	0	0.00662251655629139	0.005	0	0.0355450236966825	0	0	0	0	0	0
118V	0.00990799716914367	0.00160513643659711	0.016025641025641	0.00537634408602151	0.00337837837837838	0	0.0295253236429707	0.00613496932515337	0	0.0178571428571429	0.00314465408805031	0.00917606576180463	0.0062111801242236	0.0216049382716049	0.0160535117056856	0.00497512437810945	0.0141843971631206	0.0144787644787645	0.0203850509626274	0.0364741641337386	0.0232429441062535	0.00710900473933649	0.0113636363636364	0	0	0	0.00546448087431694	0.004739336492891	0.00821018062397373	0.00745434215430488	0	0	0	0	0	0.00214132762312634	0.0011441647597254	0	0	0.0121212121212121	0.00118483412322275	0	0.0105820105820106	0	0.0022075055187638	0.00695410292072323	0
11K	0.00353857041755131	0.00160513643659711	0.0112179487179487	0.0017921146953405	0	0	0.00136270724506019	0	0.0050251256281407	0.00446428571428571	0.0125786163522013	0.00172051233033837	0.0031055900621118	0.00308641975308642	0.00267558528428094	0	0.00177304964539007	0.0028957528957529	0.00339750849377123	0	0.00221361372440509	0.0023696682464455	0.0123106060606061	0.00862068965517241	0.00826446280991736	0	0.00546448087431694	0.004739336492891	0.0114942528735632	0.0171449869549012	0.0227272727272727	0	0.0490196078431373	0.0248756218905473	0.0361663652802893	0.0186601407158152	0.0080091533180778	0.0132450331125828	0.005	0.0181818181818182	0.00710900473933649	0.00579710144927536	0.00529100529100529	0.0152284263959391	0.00662251655629139	0.00973574408901252	0.00564971751412429
120L	0.0169851380042463	0.00802568218298555	0.0480769230769231	0.00716845878136201	0.00337837837837838	0.0238095238095238	0.0193050193050193	0.0828220858895705	0	0	0	0	0	0	0	0	0	0	0	0	0	0	0.0123106060606061	0	0.00826446280991736	0	0.00819672131147541	0.00947867298578199	0.013136288998358	0.013790532985464	0.00757575757575758	0	0.0196078431372549	0.0298507462686567	0.0054249547920434	0.00856531049250535	0.0080091533180778	0.00662251655629139	0.01	0.0303030303030303	0.00947867298578199	0.00579710144927536	0.0211640211640212	0.0152284263959391	0.00772626931567329	0.0125173852573018	0
120V	0.00920028308563341	0.0112359550561798	0.0112179487179487	0.00716845878136201	0.00675675675675676	0.0714285714285714	0.0215761980467863	0.00920245398773006	0.0100502512562814	0	0	0	0	0	0	0	0	0	0	0	0	0	0.0179924242424242	0.0258620689655172	0.00826446280991736	0	0.0218579234972678	0.018957345971564	0.00985221674876847	0.0141632500931793	0.00757575757575758	0	0	0.0248756218905473	0.0289330922242315	0.0208014683389416	0.0102974828375286	0.0198675496688742	0.005	0	0.00710900473933649	0.0115942028985507	0.0105820105820106	0.0101522842639594	0.0165562913907285	0.0166898470097357	0.0169491525423729
121L	0.0573248407643312	0.0337078651685393	0.0721153846153846	0.025089605734767	0.00337837837837838	0.5	0.0381558028616852	0.0950920245398773	0.0100502512562814	0	0	0	0	0	0	0	0	0	0	0	0	0	0.0321969696969697	0.0172413793103448	0.0165289256198347	0	0.0218579234972678	0.018957345971564	0.0295566502463054	0.0283265001863586	0.0303030303030303	0	0.0392156862745098	0.0447761194029851	0.0687160940325497	0.0403793208932395	0.0205949656750572	0.0397350993377483	0.015	0.0484848484848485	0.028436018957346	0.0231884057971015	0.0211640211640212	0.0406091370558376	0.0264900662251656	0.0278164116828929	0.0169491525423729
14T	0.00283085633404105	0	0.00480769230769231	0.0017921146953405	0	0	0.00295253236429707	0.00306748466257669	0	0	0.00314465408805031	0.00305868858726821	0.0015527950310559	0.00308641975308642	0.00133779264214047	0.00497512437810945	0.00177304964539007	0.000965250965250965	0.00226500566251416	0	0.00332042058660764	0.00710900473933649	0.00662878787878788	0	0.0991735537190083	0	0.00819672131147541	0.014218009478673	0	0.00484532240029817	0	0	0.0196078431372549	0.00497512437810945	0.0054249547920434	0.00305903946160905	0.0091533180778032	0.00662251655629139	0.02	0.0121212121212121	0.00118483412322275	0.00289855072463768	0.00529100529100529	0.0050761421319797	0.0022075055187638	0.00417246175243394	0.0225988700564972
17Y	0.00849256900212314	0.00802568218298555	0.0112179487179487	0.0017921146953405	0.00675675675675676	0.00793650793650794	0.0104474222121281	0.0122699386503067	0.0050251256281407	0	0.0157232704402516	0.00955840183521315	0.0124223602484472	0.00308641975308642	0.0100334448160535	0	0.00975177304964539	0.00482625482625483	0.0113250283125708	0.0151975683890578	0.0110680686220255	0.0118483412322275	0.0142045454545455	0.00862068965517241	0.00826446280991736	0	0.00819672131147541	0.004739336492891	0.00821018062397373	0.015281401416325	0.0151515151515152	0	0	0.0248756218905473	0.0162748643761302	0.0152951973080453	0.022883295194508	0.0264900662251656	0.005	0.0121212121212121	0.00710900473933649	0.0144927536231884	0.0158730158730159	0.0101522842639594	0.00883002207505519	0.0111265646731572	0.0169491525423729
26I	0.0148619957537155	0.0208667736757624	0.00320512820512821	0.0197132616487455	0.00675675675675676	0	0.00476947535771065	0.00613496932515337	0	0.0133928571428571	0.0220125786163522	0.00974956987191741	0.0077639751552795	0.0185185185185185	0.011371237458194	0.00995024875621891	0.0177304964539007	0.00482625482625483	0.0135900339750849	0.0243161094224924	0.00940785832872164	0.00947867298578199	0.0160984848484848	0.00862068965517241	0.00826446280991736	0	0.00819672131147541	0.018957345971564	0.013136288998358	0.0190085724934775	0.00757575757575758	0	0.0196078431372549	0.0149253731343284	0.0289330922242315	0.0232486999082288	0.0137299771167048	0.0132450331125828	0.025	0.0121212121212121	0.00829383886255924	0.00869565217391304	0.0105820105820106	0.0203045685279188	0.0154525386313466	0.0111265646731572	0.0169491525423729
32L	0.0120311394196745	0.0176565008025682	0.00961538461538462	0.010752688172043	0.00337837837837838	0.0158730158730159	0.0102203043379514	0.0122699386503067	0.0150753768844221	0.00892857142857143	0.0125786163522013	0.015293442936341	0.0093167701863354	0.0154320987654321	0.011371237458194	0.0298507462686567	0.0106382978723404	0.0125482625482625	0.00453001132502831	0.0151975683890578	0.0110680686220255	0.0165876777251185	0.00378787878787879	0	0	0	0.00546448087431694	0	0.00492610837438424	0.00559075661572866	0	0	0	0	0.0054249547920434	0.0058121749770572	0.0034324942791762	0.00662251655629139	0.005	0	0.00947867298578199	0.00869565217391304	0.00529100529100529	0.0050761421319797	0.00883002207505519	0.00834492350486787	0.0112994350282486
36L	0.0169851380042463	0.0128410914927769	0.00641025641025641	0.0161290322580645	0.0101351351351351	0	0.0109016579604815	0.00613496932515337	0.0100502512562814	0.00892857142857143	0.0157232704402516	0.0122347543490728	0.0093167701863354	0.0216049382716049	0.0153846153846154	0.00995024875621891	0.0124113475177305	0.0154440154440154	0.0215175537938845	0.0151975683890578	0.0188157166574433	0.0118483412322275	0.0123106060606061	0.0172413793103448	0	0	0.00546448087431694	0	0.00656814449917898	0.00819977636973537	0	0	0	0.00497512437810945	0.00361663652802893	0.00520036708473539	0.0080091533180778	0.033112582781457	0.01	0.0121212121212121	0.0154028436018957	0.0144927536231884	0.00529100529100529	0.0203045685279188	0.0286975717439294	0.0208623087621697	0.0112994350282486
36S	0.0113234253361642	0.0160513643659711	0.0112179487179487	0.021505376344086	0.0202702702702703	0	0.00613218260277084	0	0.0100502512562814	0.0133928571428571	0.0188679245283019	0.0149111068629325	0.0139751552795031	0.0185185185185185	0.0147157190635452	0.0298507462686567	0.0132978723404255	0.0125482625482625	0.0260475651189128	0.0182370820668693	0.0143884892086331	0.00947867298578199	0.0142045454545455	0.0172413793103448	0.0165289256198347	0	0.0136612021857923	0.00947867298578199	0.0180623973727422	0.00857249347745061	0.0227272727272727	0	0	0	0.0054249547920434	0.00611807892321811	0.011441647597254	0	0.01	0.0181818181818182	0.0248815165876777	0.0115942028985507	0	0.0304568527918782	0.0209713024282561	0.0222531293463143	0
38L	0.0113234253361642	0.0128410914927769	0.00641025641025641	0.0017921146953405	0.0168918918918919	0	0.0113558937088349	0.00613496932515337	0	0.00446428571428571	0.0220125786163522	0.0112789141655515	0.0124223602484472	0.0154320987654321	0.0160535117056856	0.0149253731343284	0.0141843971631206	0.0164092664092664	0.0124575311438279	0.0182370820668693	0.0116214720531267	0.014218009478673	0.00757575757575758	0.0344827586206897	0.00826446280991736	0	0.00273224043715847	0.004739336492891	0.0114942528735632	0.00633619083115915	0.0227272727272727	0	0.0196078431372549	0.00497512437810945	0.00361663652802893	0.00244723156928724	0.0045766590389016	0.00662251655629139	0.005	0.0242424242424242	0.018957345971564	0.0231884057971015	0.0211640211640212	0.0253807106598985	0.0209713024282561	0.0166898470097357	0.0112994350282486
38S	0.0148619957537155	0.0192616372391653	0.00961538461538462	0.00896057347670251	0.0236486486486487	0	0.0186236656824892	0.0184049079754601	0	0.00892857142857143	0.00943396226415094	0.0129994264958899	0.0124223602484472	0.0123456790123457	0.00735785953177258	0.00497512437810945	0.0115248226950355	0.0135135135135135	0.0260475651189128	0.0060790273556231	0.0199225235196458	0.023696682464455	0.00852272727272727	0	0	0	0.0109289617486339	0.00947867298578199	0.00821018062397373	0.00857249347745061	0.00757575757575758	0	0	0	0.00361663652802893	0.00428265524625268	0.0091533180778032	0.0198675496688742	0.01	0	0.0165876777251185	0.0318840579710145	0.00529100529100529	0	0.0132450331125828	0.0222531293463143	0.0112994350282486
39T	0.0113234253361642	0.00802568218298555	0.00641025641025641	0.00537634408602151	0.00337837837837838	0	0.000681353622530093	0.0122699386503067	0.0150753768844221	0.00892857142857143	0.00314465408805031	0.00420569680749379	0.0062111801242236	0.00925925925925926	0.0100334448160535	0	0.00709219858156028	0.00675675675675676	0.00906002265005663	0.00303951367781155	0.00387382401770891	0.00710900473933649	0.0151515151515152	0.00862068965517241	0	0	0.0382513661202186	0.00947867298578199	0.0114942528735632	0.0122996645546031	0.053030303030303	0	0.0196078431372549	0.0199004975124378	0.0126582278481013	0.0137656775772407	0.0080091533180778	0.00662251655629139	0.005	0.00606060606060606	0.004739336492891	0.00289855072463768	0.0105820105820106	0	0.00551876379690949	0.00556328233657858	0.0112994350282486
4R	0	0	0	0	0	0	0	0	0	0	0.0408805031446541	0.0615561078187727	0.0031055900621118	0.0216049382716049	0	0	0.000886524822695035	0.00193050193050193	0.0124575311438279	0.0060790273556231	0	0	0.0454545454545455	0.0603448275862069	0.0247933884297521	0	0.0245901639344262	0	0.0558292282430213	0.0327991054789415	0.0606060606060606	0	0.0980392156862745	0.0497512437810945	0.0379746835443038	0.0642398286937901	0.0034324942791762	0.0529801324503311	0.02	0.0424242424242424	0.0130331753554502	0.00289855072463768	0.0105820105820106	0	0.0033112582781457	0.00556328233657858	0.0169491525423729
51V	0.0254777070063694	0.0272873194221509	0.0272435897435897	0.032258064516129	0.027027027027027	0.00793650793650794	0.00794912559618442	0.0368098159509202	0.0402010050251256	0.0267857142857143	0.0125786163522013	0.0235136685146244	0.0186335403726708	0.0246913580246914	0.0240802675585284	0.0149253731343284	0.0168439716312057	0.0299227799227799	0.0328425821064553	0.0364741641337386	0.0260099612617598	0.0355450236966825	0.0227272727272727	0.0344827586206897	0.0330578512396694	0	0.0491803278688525	0.018957345971564	0.0295566502463054	0.0257174804323518	0.0606060606060606	0	0.00980392156862745	0.0149253731343284	0.0198915009041591	0.022636892015907	0.0194508009153318	0.0198675496688742	0.025	0.0121212121212121	0.028436018957346	0.0318840579710145	0.0211640211640212	0.0253807106598985	0.0209713024282561	0.0305980528511822	0.0225988700564972
54L	0.0169851380042463	0.0192616372391653	0.0192307692307692	0.021505376344086	0.0202702702702703	0.00793650793650794	0.0190779014308426	0.0214723926380368	0.0201005025125628	0.0133928571428571	0.0188679245283019	0.0166316191932709	0.0295031055900621	0.0185185185185185	0.0187290969899666	0.0199004975124378	0.025709219858156	0.0260617760617761	0.0215175537938845	0.0243161094224924	0.0232429441062535	0.018957345971564	0.0265151515151515	0.0344827586206897	0.0247933884297521	0	0.0273224043715847	0.018957345971564	0.0213464696223317	0.0212448751397689	0.00757575757575758	0	0.00980392156862745	0	0.0235081374321881	0.0171306209850107	0.0183066361556064	0.0198675496688742	0.02	0.0303030303030303	0.0154028436018957	0.0202898550724638	0.0158730158730159	0.0101522842639594	0.0121412803532009	0.023643949930459	0.0282485875706215
55V	0.0106157112526539	0.00802568218298555	0.0128205128205128	0.017921146953405	0.0337837837837838	0	0.0147626618214854	0.0153374233128834	0	0.0178571428571429	0.0157232704402516	0.00974956987191741	0.0139751552795031	0.00925925925925926	0.011371237458194	0.00497512437810945	0.0141843971631206	0.0144787644787645	0.0226500566251416	0.0121580547112462	0.00719424460431655	0.014218009478673	0.00757575757575758	0.0172413793103448	0	0	0.00273224043715847	0.00947867298578199	0.00985221674876847	0.00857249347745061	0	0	0	0	0.00361663652802893	0.00917711838482716	0.0102974828375286	0.0132450331125828	0.005	0.0181818181818182	0.0118483412322275	0.0173913043478261	0.0105820105820106	0.0203045685279188	0.0154525386313466	0.0166898470097357	0.00564971751412429
62L	0.0396319886765747	0.0497592295345104	0.0432692307692308	0.046594982078853	0.0472972972972973	0.0396825396825397	0.0342947990006814	0.0368098159509202	0.0402010050251256	0.0491071428571429	0.0283018867924528	0.04798317721277	0.0450310559006211	0.0493827160493827	0.0327759197324415	0.0248756218905473	0.0354609929078014	0.0472972972972973	0.0464326160815402	0.0455927051671733	0.0409518539014942	0.0521327014218009	0.0246212121212121	0.0431034482758621	0.0578512396694215	0	0.0218579234972678	0.014218009478673	0.0295566502463054	0.03056280283265	0.0303030303030303	0	0	0.0298507462686567	0.027124773960217	0.0302844906699296	0.034324942791762	0.0198675496688742	0.035	0.0363636363636364	0.033175355450237	0.063768115942029	0.0211640211640212	0.0050761421319797	0.0264900662251656	0.0333796940194715	0.0225988700564972
65G	0.000707714083510262	0.00160513643659711	0.00320512820512821	0	0	0.00793650793650794	0.00295253236429707	0.0153374233128834	0.0452261306532663	0	0.00314465408805031	0	0	0	0.000668896321070234	0	0.00177304964539007	0.00193050193050193	0	0	0.00221361372440509	0	0.00284090909090909	0	0	0	0.0163934426229508	0.004739336492891	0	0.00298173686172195	0	0	0	0	0.00180831826401447	0.000611807892321811	0.0011441647597254	0	0	0	0	0.00289855072463768	0	0	0	0	0
65S	0.0311394196744515	0.0337078651685393	0.0128205128205128	0.0197132616487455	0.0202702702702703	0.00793650793650794	0.0190779014308426	0.0368098159509202	0.0552763819095477	0.0178571428571429	0.0157232704402516	0.022557828331103	0.0248447204968944	0.0246913580246914	0.0220735785953177	0.0199004975124378	0.0141843971631206	0.0212355212355212	0.014722536806342	0.0212765957446809	0.0226895406751522	0.0165876777251185	0.00757575757575758	0.0344827586206897	0	0	0.0163934426229508	0.00947867298578199	0.00985221674876847	0.0100633619083116	0.00757575757575758	0	0.00980392156862745	0.00497512437810945	0.0108499095840868	0.0116243499541144	0.017162471395881	0	0.025	0.0121212121212121	0.00829383886255924	0.00579710144927536	0.0211640211640212	0.0203045685279188	0.00662251655629139	0.00834492350486787	0.00564971751412429
65T	0.00353857041755131	0.00160513643659711	0.0016025641025641	0	0	0	0.00227117874176698	0.00306748466257669	0.0100502512562814	0.00446428571428571	0.00314465408805031	0.00210284840374689	0.0031055900621118	0	0.000668896321070234	0	0.00265957446808511	0.00193050193050193	0.00566251415628539	0	0.00276701715550636	0.004739336492891	0.00473484848484849	0.00862068965517241	0.0330578512396694	0	0.0136612021857923	0.00947867298578199	0.00328407224958949	0.00521803950801342	0	0	0	0.00995024875621891	0.00180831826401447	0.00367084735393087	0.0102974828375286	0.00662251655629139	0	0	0	0.00579710144927536	0.00529100529100529	0.0050761421319797	0.0011037527593819	0.00139082058414465	0
65V	0.0304317055909413	0.0465489566613162	0.0608974358974359	0.0483870967741935	0.0236486486486487	0.0317460317460317	0.0442879854644561	0.0552147239263804	0.0251256281407035	0.0535714285714286	0.0345911949685535	0.0357484228636972	0.0388198757763975	0.0246913580246914	0.0354515050167224	0.0746268656716418	0.0602836879432624	0.0415057915057915	0.0396375990939977	0.0486322188449848	0.0387382401770891	0.037914691943128	0.0454545454545455	0.0431034482758621	0.0165289256198347	0	0.0273224043715847	0.0521327014218009	0.0426929392446634	0.0465896384644055	0.0227272727272727	0	0.0588235294117647	0.0845771144278607	0.0325497287522604	0.0685224839400428	0.0549199084668192	0.0728476821192053	0.075	0.0303030303030303	0.0296208530805687	0.0521739130434783	0.0211640211640212	0.050761421319797	0.0253863134657837	0.0347705146036161	0.0621468926553672
67F	0.0403397027600849	0.0529695024077047	0.0673076923076923	0.0627240143369176	0.0472972972972973	0.0238095238095238	0.0463320463320463	0.0398773006134969	0.0653266331658292	0.0848214285714286	0.050314465408805	0.0426304721850507	0.0388198757763975	0.0401234567901235	0.0408026755852843	0.0597014925373134	0.048758865248227	0.0530888030888031	0.043035107587769	0.060790273556231	0.0442722744881018	0.0568720379146919	0.040719696969697	0.0344827586206897	0.0495867768595041	0	0.0355191256830601	0.0663507109004739	0.0541871921182266	0.0611256056653	0.0606060606060606	0	0.0392156862745098	0.0597014925373134	0.0650994575045208	0.0504741511165494	0.0812356979405034	0.0596026490066225	0.08	0.0666666666666667	0.0509478672985782	0.0347826086956522	0.0634920634920635	0.0304568527918782	0.0441501103752759	0.0361613351877608	0.0395480225988701
68E	0	0.00160513643659711	0	0	0	0	0	0	0	0	0	0.000573504110112789	0	0.0555555555555556	0	0.00995024875621891	0.00177304964539007	0	0.00113250283125708	0	0.000553403431101273	0	0	0	0	0	0	0	0	0	0	0	0	0	0	0.000611807892321811	0.0011441647597254	0	0	0	0	0.00579710144927536	0	0	0.0011037527593819	0	0
69L	0.00424628450106157	0.00321027287319422	0	0	0	0	0.00295253236429707	0	0.0100502512562814	0	0	0.00229401644045116	0.0031055900621118	0	0.00267558528428094	0	0.00177304964539007	0.00482625482625483	0.00226500566251416	0	0.00387382401770891	0.0023696682464455	0.00473484848484849	0	0	0	0.00273224043715847	0	0.00328407224958949	0.00186358553857622	0.00757575757575758	0	0	0	0	0.00305903946160905	0.0308924485125858	0	0	0	0.00118483412322275	0	0	0.0101522842639594	0.0011037527593819	0.00139082058414465	0
72H	0.0113234253361642	0.0112359550561798	0.00320512820512821	0.010752688172043	0.0168918918918919	0.0238095238095238	0.0102203043379514	0.0153374233128834	0.0150753768844221	0.0133928571428571	0.00628930817610063	0.0107054100554387	0.0139751552795031	0.00925925925925926	0.00869565217391304	0.0199004975124378	0.0221631205673759	0.0106177606177606	0.00792751981879955	0.00911854103343465	0.00830105146651909	0.00710900473933649	0.00852272727272727	0.0172413793103448	0.0165289256198347	0	0.00546448087431694	0	0.00492610837438424	0.00559075661572866	0	0	0	0.00995024875621891	0.00904159132007233	0.0058121749770572	0.011441647597254	0.00662251655629139	0.01	0	0.00592417061611374	0.00289855072463768	0.0211640211640212	0.0050761421319797	0.00662251655629139	0.00278164116828929	0.00564971751412429
85S	0.00424628450106157	0.00481540930979133	0.00801282051282051	0.00716845878136201	0.0202702702702703	0	0.0124914830797184	0.00306748466257669	0	0.00446428571428571	0.00628930817610063	0.00974956987191741	0.0186335403726708	0.00308641975308642	0.00869565217391304	0.00995024875621891	0.0150709219858156	0.0154440154440154	0.0135900339750849	0.0121580547112462	0.0166021029330382	0.0165876777251185	0.00852272727272727	0	0.0165289256198347	0	0.00273224043715847	0	0.00492610837438424	0.00484532240029817	0.0151515151515152	0	0	0	0.00180831826401447	0.00305903946160905	0.0045766590389016	0	0	0.0181818181818182	0.0201421800947867	0.0173913043478261	0.00529100529100529	0.0203045685279188	0.0264900662251656	0.0264255910987483	0.00564971751412429
87I	0.0219391365888181	0.0256821829855538	0.0128205128205128	0.028673835125448	0.0337837837837838	0.0238095238095238	0.0222575516693164	0.0184049079754601	0.0100502512562814	0.00892857142857143	0.00943396226415094	0.0120435863123686	0.015527950310559	0.00308641975308642	0.0120401337792642	0.0199004975124378	0.0115248226950355	0.0125482625482625	0.0260475651189128	0.0182370820668693	0.0166021029330382	0.0023696682464455	0.0151515151515152	0.0172413793103448	0.0165289256198347	0	0.0109289617486339	0.023696682464455	0.0164203612479475	0.018263138278047	0.00757575757575758	0	0	0.00497512437810945	0.0126582278481013	0.0107066381156317	0.0137299771167048	0.0397350993377483	0.015	0.00606060606060606	0.033175355450237	0.0173913043478261	0.0211640211640212	0.0203045685279188	0.0275938189845475	0.0166898470097357	0.0225988700564972
